 2651    1    3      0.00000000E+00      0.10000000E+01      0.10000000E+01      0.00000000E+00      0.00000000E+00      0.00000000E+00
 2652    1    3      0.00000000E+00      0.10000000E+01      0.10000000E+01      0.89668597E+00      0.89668597E+00      0.10000000E+01
 2653    1    3      0.00000000E+00      0.10000000E+01      0.10000000E+01      0.89863941E+00      0.89863941E+00      0.10000000E+01
 2654    1    3      0.00000000E+00      0.10000000E+01      0.10000000E+01      0.90059916E+00      0.90059916E+00      0.10000000E+01
 2655    1    3      0.00000000E+00      0.10000000E+01      0.10000000E+01      0.90256526E+00      0.90256526E+00      0.10000000E+01
 2656    1    3      0.00000000E+00      0.10000000E+01      0.10000000E+01      0.90453773E+00      0.90453773E+00      0.10000000E+01
 2657    1    3      0.00000000E+00      0.10000000E+01      0.10000000E+01      0.90651661E+00      0.90651661E+00      0.10000000E+01
 2658    1    3      0.00000000E+00      0.10000000E+01      0.10000000E+01      0.90850192E+00      0.90850192E+00      0.10000000E+01
 2659    1    3      0.00000000E+00      0.10000000E+01      0.10000000E+01      0.91049368E+00      0.91049368E+00      0.10000000E+01
 2660    1    3      0.00000000E+00      0.10000000E+01      0.10000000E+01      0.91249193E+00      0.91249193E+00      0.10000000E+01
 2661    1    3      0.00000000E+00      0.10000000E+01      0.10000000E+01      0.91449669E+00      0.91449669E+00      0.10000000E+01
 2662    1    3      0.00000000E+00      0.10000000E+01      0.10000000E+01      0.91650799E+00      0.91650799E+00      0.10000000E+01
 2663    1    3      0.00000000E+00      0.10000000E+01      0.10000000E+01      0.91852586E+00      0.91852586E+00      0.10000000E+01
 2664    1    3      0.00000000E+00      0.10000000E+01      0.10000000E+01      0.92055033E+00      0.92055033E+00      0.10000000E+01
 2665    1    3      0.00000000E+00      0.10000000E+01      0.10000000E+01      0.92258143E+00      0.92258143E+00      0.10000000E+01
 2666    1    3      0.00000000E+00      0.10000000E+01      0.10000000E+01      0.92461918E+00      0.92461918E+00      0.10000000E+01
 2667    1    3      0.00000000E+00      0.10000000E+01      0.10000000E+01      0.92666361E+00      0.92666361E+00      0.10000000E+01
 2668    1    3      0.00000000E+00      0.10000000E+01      0.10000000E+01      0.92871475E+00      0.92871475E+00      0.10000000E+01
 2669    1    3      0.00000000E+00      0.10000000E+01      0.10000000E+01      0.93077264E+00      0.93077264E+00      0.10000000E+01
 2670    1    3      0.00000000E+00      0.10000000E+01      0.10000000E+01      0.93283730E+00      0.93283730E+00      0.10000000E+01
 2671    1    3      0.00000000E+00      0.10000000E+01      0.10000000E+01      0.93490876E+00      0.93490876E+00      0.10000000E+01
 2672    1    3      0.00000000E+00      0.10000000E+01      0.10000000E+01      0.93698705E+00      0.93698705E+00      0.10000000E+01
 2673    1    3      0.00000000E+00      0.10000000E+01      0.10000000E+01      0.93907220E+00      0.93907220E+00      0.10000000E+01
 2674    1    3      0.00000000E+00      0.10000000E+01      0.10000000E+01      0.94116424E+00      0.94116424E+00      0.10000000E+01
 2675    1    3      0.00000000E+00      0.10000000E+01      0.10000000E+01      0.94326321E+00      0.94326321E+00      0.10000000E+01
 2676    1    3      0.00000000E+00      0.10000000E+01      0.10000000E+01      0.94536912E+00      0.94536912E+00      0.10000000E+01
 2677    1    3      0.00000000E+00      0.10000000E+01      0.10000000E+01      0.94748201E+00      0.94748201E+00      0.10000000E+01
 2678    1    3      0.00000000E+00      0.10000000E+01      0.10000000E+01      0.94960192E+00      0.94960192E+00      0.10000000E+01
 2679    1    3      0.00000000E+00      0.10000000E+01      0.10000000E+01      0.95172886E+00      0.95172886E+00      0.10000000E+01
 2680    1    3      0.00000000E+00      0.10000000E+01      0.10000000E+01      0.95386288E+00      0.95386288E+00      0.10000000E+01
 2681    1    3      0.00000000E+00      0.10000000E+01      0.10000000E+01      0.95600401E+00      0.95600401E+00      0.10000000E+01
 2682    1    3      0.00000000E+00      0.10000000E+01      0.10000000E+01      0.95815227E+00      0.95815227E+00      0.10000000E+01
 2683    1    3      0.00000000E+00      0.10000000E+01      0.10000000E+01      0.96030770E+00      0.96030770E+00      0.10000000E+01
 2684    1    3      0.00000000E+00      0.10000000E+01      0.10000000E+01      0.96247033E+00      0.96247033E+00      0.10000000E+01
 2685    1    3      0.00000000E+00      0.10000000E+01      0.10000000E+01      0.96464019E+00      0.96464019E+00      0.10000000E+01
 2686    1    3      0.00000000E+00      0.10000000E+01      0.10000000E+01      0.96681731E+00      0.96681731E+00      0.10000000E+01
 2687    1    3      0.00000000E+00      0.10000000E+01      0.10000000E+01      0.96900173E+00      0.96900173E+00      0.10000000E+01
 2688    1    3      0.00000000E+00      0.10000000E+01      0.10000000E+01      0.97119347E+00      0.97119347E+00      0.10000000E+01
 2689    1    3      0.00000000E+00      0.10000000E+01      0.10000000E+01      0.97339258E+00      0.97339258E+00      0.10000000E+01
 2690    1    3      0.00000000E+00      0.10000000E+01      0.10000000E+01      0.97559908E+00      0.97559908E+00      0.10000000E+01
 2691    1    3      0.00000000E+00      0.10000000E+01      0.10000000E+01      0.97781300E+00      0.97781300E+00      0.10000000E+01
 2692    1    3      0.00000000E+00      0.10000000E+01      0.10000000E+01      0.98003438E+00      0.98003438E+00      0.10000000E+01
 2693    1    3      0.00000000E+00      0.10000000E+01      0.10000000E+01      0.98226326E+00      0.98226326E+00      0.10000000E+01
 2694    1    3      0.00000000E+00      0.10000000E+01      0.10000000E+01      0.98449965E+00      0.98449965E+00      0.10000000E+01
 2695    1    3      0.00000000E+00      0.10000000E+01      0.10000000E+01      0.98674361E+00      0.98674361E+00      0.10000000E+01
 2696    1    3      0.00000000E+00      0.10000000E+01      0.10000000E+01      0.98899517E+00      0.98899517E+00      0.10000000E+01
 2697    1    3      0.00000000E+00      0.10000000E+01      0.10000000E+01      0.99125434E+00      0.99125434E+00      0.10000000E+01
 2698    1    3      0.00000000E+00      0.10000000E+01      0.10000000E+01      0.99352118E+00      0.99352118E+00      0.10000000E+01
 2699    1    3      0.00000000E+00      0.10000000E+01      0.10000000E+01      0.99579572E+00      0.99579572E+00      0.10000000E+01
 2700    1    3      0.00000000E+00      0.10000000E+01      0.10000000E+01      0.99807798E+00      0.99807798E+00      0.10000000E+01
 2701    1    3      0.00000000E+00      0.10000000E+01      0.10000000E+01      0.10003680E+01      0.10003680E+01      0.10000000E+01
 2702    1    3      0.00000000E+00      0.10000000E+01      0.10000000E+01      0.10026658E+01      0.10026658E+01      0.10000000E+01
 2703    1    3      0.00000000E+00      0.10000000E+01      0.10000000E+01      0.10049715E+01      0.10049715E+01      0.10000000E+01
 2704    1    3      0.00000000E+00      0.10000000E+01      0.10000000E+01      0.10072850E+01      0.10072850E+01      0.10000000E+01
 2705    1    3      0.00000000E+00      0.10000000E+01      0.10000000E+01      0.10096065E+01      0.10096065E+01      0.10000000E+01
 2706    1    3      0.00000000E+00      0.10000000E+01      0.10000000E+01      0.10119359E+01      0.10119359E+01      0.10000000E+01
 2707    1    3      0.00000000E+00      0.10000000E+01      0.10000000E+01      0.10142732E+01      0.10142732E+01      0.10000000E+01
 2708    1    3      0.00000000E+00      0.10000000E+01      0.10000000E+01      0.10166186E+01      0.10166186E+01      0.10000000E+01
 2709    1    3      0.00000000E+00      0.10000000E+01      0.10000000E+01      0.10189720E+01      0.10189720E+01      0.10000000E+01
 2710    1    3      0.00000000E+00      0.10000000E+01      0.10000000E+01      0.10213335E+01      0.10213335E+01      0.10000000E+01
 2711    1    3      0.00000000E+00      0.10000000E+01      0.10000000E+01      0.10237032E+01      0.10237032E+01      0.10000000E+01
 2712    1    3      0.00000000E+00      0.10000000E+01      0.10000000E+01      0.10260810E+01      0.10260810E+01      0.10000000E+01
 2713    1    3      0.00000000E+00      0.10000000E+01      0.10000000E+01      0.10284670E+01      0.10284670E+01      0.10000000E+01
 2714    1    3      0.00000000E+00      0.10000000E+01      0.10000000E+01      0.10308612E+01      0.10308612E+01      0.10000000E+01
 2715    1    3      0.00000000E+00      0.10000000E+01      0.10000000E+01      0.10332637E+01      0.10332637E+01      0.10000000E+01
 2716    1    3      0.00000000E+00      0.10000000E+01      0.10000000E+01      0.10356745E+01      0.10356745E+01      0.10000000E+01
 2717    1    3      0.00000000E+00      0.10000000E+01      0.10000000E+01      0.10380937E+01      0.10380937E+01      0.10000000E+01
 2718    1    3      0.00000000E+00      0.10000000E+01      0.10000000E+01      0.10405212E+01      0.10405212E+01      0.10000000E+01
 2719    1    3      0.00000000E+00      0.10000000E+01      0.10000000E+01      0.10429572E+01      0.10429572E+01      0.10000000E+01
 2720    1    3      0.00000000E+00      0.10000000E+01      0.10000000E+01      0.10454016E+01      0.10454016E+01      0.10000000E+01
 2721    1    3      0.00000000E+00      0.10000000E+01      0.10000000E+01      0.10478546E+01      0.10478546E+01      0.10000000E+01
 2722    1    3      0.00000000E+00      0.10000000E+01      0.10000000E+01      0.10503160E+01      0.10503160E+01      0.10000000E+01
 2723    1    3      0.00000000E+00      0.10000000E+01      0.10000000E+01      0.10527861E+01      0.10527861E+01      0.10000000E+01
 2724    1    3      0.00000000E+00      0.10000000E+01      0.10000000E+01      0.10552648E+01      0.10552648E+01      0.10000000E+01
 2725    1    3      0.00000000E+00      0.10000000E+01      0.10000000E+01      0.10577521E+01      0.10577521E+01      0.10000000E+01
 2726    1    3      0.00000000E+00      0.10000000E+01      0.10000000E+01      0.10602482E+01      0.10602482E+01      0.10000000E+01
 2727    1    3      0.00000000E+00      0.10000000E+01      0.10000000E+01      0.10627530E+01      0.10627530E+01      0.10000000E+01
 2728    1    3      0.00000000E+00      0.10000000E+01      0.10000000E+01      0.10652665E+01      0.10652665E+01      0.10000000E+01
 2729    1    3      0.00000000E+00      0.10000000E+01      0.10000000E+01      0.10677889E+01      0.10677889E+01      0.10000000E+01
 2730    1    3      0.00000000E+00      0.10000000E+01      0.10000000E+01      0.10703202E+01      0.10703202E+01      0.10000000E+01
 2731    1    3      0.00000000E+00      0.10000000E+01      0.10000000E+01      0.10728603E+01      0.10728603E+01      0.10000000E+01
 2732    1    3      0.00000000E+00      0.10000000E+01      0.10000000E+01      0.10754094E+01      0.10754094E+01      0.10000000E+01
 2733    1    3      0.00000000E+00      0.10000000E+01      0.10000000E+01      0.10779675E+01      0.10779675E+01      0.10000000E+01
 2734    1    3      0.00000000E+00      0.10000000E+01      0.10000000E+01      0.10805347E+01      0.10805347E+01      0.10000000E+01
 2735    1    3      0.00000000E+00      0.10000000E+01      0.10000000E+01      0.10831109E+01      0.10831109E+01      0.10000000E+01
 2736    1    3      0.00000000E+00      0.10000000E+01      0.10000000E+01      0.10856962E+01      0.10856962E+01      0.10000000E+01
 2737    1    3      0.00000000E+00      0.10000000E+01      0.10000000E+01      0.10882906E+01      0.10882906E+01      0.10000000E+01
 2738    1    3      0.00000000E+00      0.10000000E+01      0.10000000E+01      0.10908943E+01      0.10908943E+01      0.10000000E+01
 2739    1    3      0.00000000E+00      0.10000000E+01      0.10000000E+01      0.10935072E+01      0.10935072E+01      0.10000000E+01
 2740    1    3      0.00000000E+00      0.10000000E+01      0.10000000E+01      0.10961294E+01      0.10961294E+01      0.10000000E+01
 2741    1    3      0.00000000E+00      0.10000000E+01      0.10000000E+01      0.10987609E+01      0.10987609E+01      0.10000000E+01
 2742    1    3      0.00000000E+00      0.10000000E+01      0.10000000E+01      0.11014018E+01      0.11014018E+01      0.10000000E+01
 2743    1    3      0.00000000E+00      0.10000000E+01      0.10000000E+01      0.11040522E+01      0.11040522E+01      0.10000000E+01
 2744    1    3      0.00000000E+00      0.10000000E+01      0.10000000E+01      0.11067119E+01      0.11067119E+01      0.10000000E+01
 2745    1    3      0.00000000E+00      0.10000000E+01      0.10000000E+01      0.11093812E+01      0.11093812E+01      0.10000000E+01
 2746    1    3      0.00000000E+00      0.10000000E+01      0.10000000E+01      0.11120601E+01      0.11120601E+01      0.10000000E+01
 2747    1    3      0.00000000E+00      0.10000000E+01      0.10000000E+01      0.11147485E+01      0.11147485E+01      0.10000000E+01
 2748    1    3      0.00000000E+00      0.10000000E+01      0.10000000E+01      0.11174466E+01      0.11174466E+01      0.10000000E+01
 2749    1    3      0.00000000E+00      0.10000000E+01      0.10000000E+01      0.11201544E+01      0.11201544E+01      0.10000000E+01
 2750    1    3      0.00000000E+00      0.10000000E+01      0.10000000E+01      0.11228719E+01      0.11228719E+01      0.10000000E+01
 2751    1    3      0.00000000E+00      0.10000000E+01      0.10000000E+01      0.11255992E+01      0.11255992E+01      0.10000000E+01
 2752    1    3      0.00000000E+00      0.10000000E+01      0.10000000E+01      0.11283363E+01      0.11283363E+01      0.10000000E+01
 2753    1    3      0.00000000E+00      0.10000000E+01      0.10000000E+01      0.11310833E+01      0.11310833E+01      0.10000000E+01
 2754    1    3      0.00000000E+00      0.10000000E+01      0.10000000E+01      0.11338402E+01      0.11338402E+01      0.10000000E+01
 2755    1    3      0.00000000E+00      0.10000000E+01      0.10000000E+01      0.11366071E+01      0.11366071E+01      0.10000000E+01
 2756    1    3      0.00000000E+00      0.10000000E+01      0.10000000E+01      0.11393840E+01      0.11393840E+01      0.10000000E+01
 2757    1    3      0.00000000E+00      0.10000000E+01      0.10000000E+01      0.11421709E+01      0.11421709E+01      0.10000000E+01
 2758    1    3      0.00000000E+00      0.10000000E+01      0.10000000E+01      0.11449680E+01      0.11449680E+01      0.10000000E+01
 2759    1    3      0.00000000E+00      0.10000000E+01      0.10000000E+01      0.11477752E+01      0.11477752E+01      0.10000000E+01
 2760    1    3      0.00000000E+00      0.10000000E+01      0.10000000E+01      0.11505927E+01      0.11505927E+01      0.10000000E+01
 2761    1    3      0.00000000E+00      0.10000000E+01      0.10000000E+01      0.11534204E+01      0.11534204E+01      0.10000000E+01
 2762    1    3      0.00000000E+00      0.10000000E+01      0.10000000E+01      0.11562584E+01      0.11562584E+01      0.10000000E+01
 2763    1    3      0.00000000E+00      0.10000000E+01      0.10000000E+01      0.11591068E+01      0.11591068E+01      0.10000000E+01
 2764    1    3      0.00000000E+00      0.10000000E+01      0.10000000E+01      0.11619656E+01      0.11619656E+01      0.10000000E+01
 2765    1    3      0.00000000E+00      0.10000000E+01      0.10000000E+01      0.11648348E+01      0.11648348E+01      0.10000000E+01
 2766    1    3      0.00000000E+00      0.10000000E+01      0.10000000E+01      0.11677146E+01      0.11677146E+01      0.10000000E+01
 2767    1    3      0.00000000E+00      0.10000000E+01      0.10000000E+01      0.11706049E+01      0.11706049E+01      0.10000000E+01
 2768    1    3      0.00000000E+00      0.10000000E+01      0.10000000E+01      0.11735058E+01      0.11735058E+01      0.10000000E+01
 2769    1    3      0.00000000E+00      0.10000000E+01      0.10000000E+01      0.11764174E+01      0.11764174E+01      0.10000000E+01
 2770    1    3      0.00000000E+00      0.10000000E+01      0.10000000E+01      0.11793397E+01      0.11793397E+01      0.10000000E+01
 2771    1    3      0.00000000E+00      0.10000000E+01      0.10000000E+01      0.11822728E+01      0.11822728E+01      0.10000000E+01
 2772    1    3      0.00000000E+00      0.10000000E+01      0.10000000E+01      0.11852167E+01      0.11852167E+01      0.10000000E+01
 2773    1    3      0.00000000E+00      0.10000000E+01      0.10000000E+01      0.11881715E+01      0.11881715E+01      0.10000000E+01
 2774    1    3      0.00000000E+00      0.10000000E+01      0.10000000E+01      0.11911371E+01      0.11911371E+01      0.10000000E+01
 2775    1    3      0.00000000E+00      0.10000000E+01      0.10000000E+01      0.11941138E+01      0.11941138E+01      0.10000000E+01
 2776    1    3      0.00000000E+00      0.10000000E+01      0.10000000E+01      0.11971015E+01      0.11971015E+01      0.10000000E+01
 2777    1    3      0.00000000E+00      0.10000000E+01      0.10000000E+01      0.12001003E+01      0.12001003E+01      0.10000000E+01
 2778    1    3      0.00000000E+00      0.10000000E+01      0.10000000E+01      0.12031103E+01      0.12031103E+01      0.10000000E+01
 2779    1    3      0.00000000E+00      0.10000000E+01      0.10000000E+01      0.12061314E+01      0.12061314E+01      0.10000000E+01
 2780    1    3      0.00000000E+00      0.10000000E+01      0.10000000E+01      0.12091638E+01      0.12091638E+01      0.10000000E+01
 2781    1    3      0.00000000E+00      0.10000000E+01      0.10000000E+01      0.12122075E+01      0.12122075E+01      0.10000000E+01
 2782    1    3      0.00000000E+00      0.10000000E+01      0.10000000E+01      0.12152625E+01      0.12152625E+01      0.10000000E+01
 2783    1    3      0.00000000E+00      0.10000000E+01      0.10000000E+01      0.12183290E+01      0.12183290E+01      0.10000000E+01
 2784    1    3      0.00000000E+00      0.10000000E+01      0.10000000E+01      0.12214069E+01      0.12214069E+01      0.10000000E+01
 2785    1    3      0.00000000E+00      0.10000000E+01      0.10000000E+01      0.12244964E+01      0.12244964E+01      0.10000000E+01
 2786    1    3      0.00000000E+00      0.10000000E+01      0.10000000E+01      0.12275975E+01      0.12275975E+01      0.10000000E+01
 2787    1    3      0.00000000E+00      0.10000000E+01      0.10000000E+01      0.12307102E+01      0.12307102E+01      0.10000000E+01
 2788    1    3      0.00000000E+00      0.10000000E+01      0.10000000E+01      0.12338346E+01      0.12338346E+01      0.10000000E+01
 2789    1    3      0.00000000E+00      0.10000000E+01      0.10000000E+01      0.12369708E+01      0.12369708E+01      0.10000000E+01
 2790    1    3      0.00000000E+00      0.10000000E+01      0.10000000E+01      0.12401188E+01      0.12401188E+01      0.10000000E+01
 2791    1    3      0.00000000E+00      0.10000000E+01      0.10000000E+01      0.12432787E+01      0.12432787E+01      0.10000000E+01
 2792    1    3      0.00000000E+00      0.10000000E+01      0.10000000E+01      0.12464505E+01      0.12464505E+01      0.10000000E+01
 2793    1    3      0.00000000E+00      0.10000000E+01      0.10000000E+01      0.12496344E+01      0.12496344E+01      0.10000000E+01
 2794    1    3      0.00000000E+00      0.10000000E+01      0.10000000E+01      0.12528303E+01      0.12528303E+01      0.10000000E+01
 2795    1    3      0.00000000E+00      0.10000000E+01      0.10000000E+01      0.12560383E+01      0.12560383E+01      0.10000000E+01
 2796    1    3      0.00000000E+00      0.10000000E+01      0.10000000E+01      0.12592584E+01      0.12592584E+01      0.10000000E+01
 2797    1    3      0.00000000E+00      0.10000000E+01      0.10000000E+01      0.12624909E+01      0.12624909E+01      0.10000000E+01
 2798    1    3      0.00000000E+00      0.10000000E+01      0.10000000E+01      0.12657356E+01      0.12657356E+01      0.10000000E+01
 2799    1    3      0.00000000E+00      0.10000000E+01      0.10000000E+01      0.12689927E+01      0.12689927E+01      0.10000000E+01
 2800    1    3      0.00000000E+00      0.10000000E+01      0.10000000E+01      0.12722622E+01      0.12722622E+01      0.10000000E+01
 2801    1    3      0.00000000E+00      0.10000000E+01      0.10000000E+01      0.12755442E+01      0.12755442E+01      0.10000000E+01
 2802    1    3      0.00000000E+00      0.10000000E+01      0.10000000E+01      0.12788388E+01      0.12788388E+01      0.10000000E+01
 2803    1    3      0.00000000E+00      0.10000000E+01      0.10000000E+01      0.12821460E+01      0.12821460E+01      0.10000000E+01
 2804    1    3      0.00000000E+00      0.10000000E+01      0.10000000E+01      0.12854659E+01      0.12854659E+01      0.10000000E+01
 2805    1    3      0.00000000E+00      0.10000000E+01      0.10000000E+01      0.12887985E+01      0.12887985E+01      0.10000000E+01
 2806    1    3      0.00000000E+00      0.10000000E+01      0.10000000E+01      0.12921439E+01      0.12921439E+01      0.10000000E+01
 2807    1    3      0.00000000E+00      0.10000000E+01      0.10000000E+01      0.12955022E+01      0.12955022E+01      0.10000000E+01
 2808    1    3      0.00000000E+00      0.10000000E+01      0.10000000E+01      0.12988734E+01      0.12988734E+01      0.10000000E+01
 2809    1    3      0.00000000E+00      0.10000000E+01      0.10000000E+01      0.13022577E+01      0.13022577E+01      0.10000000E+01
 2810    1    3      0.00000000E+00      0.10000000E+01      0.10000000E+01      0.13056550E+01      0.13056550E+01      0.10000000E+01
 2811    1    3      0.00000000E+00      0.10000000E+01      0.10000000E+01      0.13090655E+01      0.13090655E+01      0.10000000E+01
 2812    1    3      0.00000000E+00      0.10000000E+01      0.10000000E+01      0.13124891E+01      0.13124891E+01      0.10000000E+01
 2813    1    3      0.00000000E+00      0.10000000E+01      0.10000000E+01      0.13159261E+01      0.13159261E+01      0.10000000E+01
 2814    1    3      0.00000000E+00      0.10000000E+01      0.10000000E+01      0.13193764E+01      0.13193764E+01      0.10000000E+01
 2815    1    3      0.00000000E+00      0.10000000E+01      0.10000000E+01      0.13228400E+01      0.13228400E+01      0.10000000E+01
 2816    1    3      0.00000000E+00      0.10000000E+01      0.10000000E+01      0.13263172E+01      0.13263172E+01      0.10000000E+01
 2817    1    3      0.00000000E+00      0.10000000E+01      0.10000000E+01      0.13298079E+01      0.13298079E+01      0.10000000E+01
 2818    1    3      0.00000000E+00      0.10000000E+01      0.10000000E+01      0.13333123E+01      0.13333123E+01      0.10000000E+01
 2819    1    3      0.00000000E+00      0.10000000E+01      0.10000000E+01      0.13368303E+01      0.13368303E+01      0.10000000E+01
 2820    1    3      0.00000000E+00      0.10000000E+01      0.10000000E+01      0.13403621E+01      0.13403621E+01      0.10000000E+01
 2821    1    3      0.00000000E+00      0.10000000E+01      0.10000000E+01      0.13439077E+01      0.13439077E+01      0.10000000E+01
 2822    1    3      0.00000000E+00      0.10000000E+01      0.10000000E+01      0.13474673E+01      0.13474673E+01      0.10000000E+01
 2823    1    3      0.00000000E+00      0.10000000E+01      0.10000000E+01      0.13510408E+01      0.13510408E+01      0.10000000E+01
 2824    1    3      0.00000000E+00      0.10000000E+01      0.10000000E+01      0.13546283E+01      0.13546283E+01      0.10000000E+01
 2825    1    3      0.00000000E+00      0.10000000E+01      0.10000000E+01      0.13582300E+01      0.13582300E+01      0.10000000E+01
 2826    1    3      0.00000000E+00      0.10000000E+01      0.10000000E+01      0.13618458E+01      0.13618458E+01      0.10000000E+01
 2827    1    3      0.00000000E+00      0.10000000E+01      0.10000000E+01      0.13654760E+01      0.13654760E+01      0.10000000E+01
 2828    1    3      0.00000000E+00      0.10000000E+01      0.10000000E+01      0.13691205E+01      0.13691205E+01      0.10000000E+01
 2829    1    3      0.00000000E+00      0.10000000E+01      0.10000000E+01      0.13727793E+01      0.13727793E+01      0.10000000E+01
 2830    1    3      0.00000000E+00      0.10000000E+01      0.10000000E+01      0.13764527E+01      0.13764527E+01      0.10000000E+01
 2831    1    3      0.00000000E+00      0.10000000E+01      0.10000000E+01      0.13801407E+01      0.13801407E+01      0.10000000E+01
 2832    1    3      0.00000000E+00      0.10000000E+01      0.10000000E+01      0.13838433E+01      0.13838433E+01      0.10000000E+01
 2833    1    3      0.00000000E+00      0.10000000E+01      0.10000000E+01      0.13875606E+01      0.13875606E+01      0.10000000E+01
 2834    1    3      0.00000000E+00      0.10000000E+01      0.10000000E+01      0.13912927E+01      0.13912927E+01      0.10000000E+01
 2835    1    3      0.00000000E+00      0.10000000E+01      0.10000000E+01      0.13950397E+01      0.13950397E+01      0.10000000E+01
 2836    1    3      0.00000000E+00      0.10000000E+01      0.10000000E+01      0.13988017E+01      0.13988017E+01      0.10000000E+01
 2837    1    3      0.00000000E+00      0.10000000E+01      0.10000000E+01      0.14025787E+01      0.14025787E+01      0.10000000E+01
 2838    1    3      0.00000000E+00      0.10000000E+01      0.10000000E+01      0.14063708E+01      0.14063708E+01      0.10000000E+01
 2839    1    3      0.00000000E+00      0.10000000E+01      0.10000000E+01      0.14101781E+01      0.14101781E+01      0.10000000E+01
 2840    1    3      0.00000000E+00      0.10000000E+01      0.10000000E+01      0.14140007E+01      0.14140007E+01      0.10000000E+01
 2841    1    3      0.00000000E+00      0.10000000E+01      0.10000000E+01      0.14178386E+01      0.14178386E+01      0.10000000E+01
 2842    1    3      0.00000000E+00      0.10000000E+01      0.10000000E+01      0.14216920E+01      0.14216920E+01      0.10000000E+01
 2843    1    3      0.00000000E+00      0.10000000E+01      0.10000000E+01      0.14255608E+01      0.14255608E+01      0.10000000E+01
 2844    1    3      0.00000000E+00      0.10000000E+01      0.10000000E+01      0.14294453E+01      0.14294453E+01      0.10000000E+01
 2845    1    3      0.00000000E+00      0.10000000E+01      0.10000000E+01      0.14333455E+01      0.14333455E+01      0.10000000E+01
 2846    1    3      0.00000000E+00      0.10000000E+01      0.10000000E+01      0.14372614E+01      0.14372614E+01      0.10000000E+01
 2847    1    3      0.00000000E+00      0.10000000E+01      0.10000000E+01      0.14411932E+01      0.14411932E+01      0.10000000E+01
 2848    1    3      0.00000000E+00      0.10000000E+01      0.10000000E+01      0.14451410E+01      0.14451410E+01      0.10000000E+01
 2849    1    3      0.00000000E+00      0.10000000E+01      0.10000000E+01      0.14491047E+01      0.14491047E+01      0.10000000E+01
 2850    1    3      0.00000000E+00      0.10000000E+01      0.10000000E+01      0.14530846E+01      0.14530846E+01      0.10000000E+01
 2851    1    3      0.00000000E+00      0.10000000E+01      0.10000000E+01      0.14570807E+01      0.14570807E+01      0.10000000E+01
 2852    1    3      0.00000000E+00      0.10000000E+01      0.10000000E+01      0.14610930E+01      0.14610930E+01      0.10000000E+01
 2853    1    3      0.00000000E+00      0.10000000E+01      0.10000000E+01      0.14651217E+01      0.14651217E+01      0.10000000E+01
 2854    1    3      0.00000000E+00      0.10000000E+01      0.10000000E+01      0.14691669E+01      0.14691669E+01      0.10000000E+01
 2855    1    3      0.00000000E+00      0.10000000E+01      0.10000000E+01      0.14732286E+01      0.14732286E+01      0.10000000E+01
 2856    1    3      0.00000000E+00      0.10000000E+01      0.10000000E+01      0.14773070E+01      0.14773070E+01      0.10000000E+01
 2857    1    3      0.00000000E+00      0.10000000E+01      0.10000000E+01      0.14814021E+01      0.14814021E+01      0.10000000E+01
 2858    1    3      0.00000000E+00      0.10000000E+01      0.10000000E+01      0.14855140E+01      0.14855140E+01      0.10000000E+01
 2859    1    3      0.00000000E+00      0.10000000E+01      0.10000000E+01      0.14896428E+01      0.14896428E+01      0.10000000E+01
 2860    1    3      0.00000000E+00      0.10000000E+01      0.10000000E+01      0.14937886E+01      0.14937886E+01      0.10000000E+01
 2861    1    3      0.00000000E+00      0.10000000E+01      0.10000000E+01      0.14979515E+01      0.14979515E+01      0.10000000E+01
 2862    1    3      0.00000000E+00      0.10000000E+01      0.10000000E+01      0.15021316E+01      0.15021316E+01      0.10000000E+01
 2863    1    3      0.00000000E+00      0.10000000E+01      0.10000000E+01      0.15063290E+01      0.15063290E+01      0.10000000E+01
 2864    1    3      0.00000000E+00      0.10000000E+01      0.10000000E+01      0.15105438E+01      0.15105438E+01      0.10000000E+01
 2865    1    3      0.00000000E+00      0.10000000E+01      0.10000000E+01      0.15147760E+01      0.15147760E+01      0.10000000E+01
 2866    1    3      0.00000000E+00      0.10000000E+01      0.10000000E+01      0.15190258E+01      0.15190258E+01      0.10000000E+01
 2867    1    3      0.00000000E+00      0.10000000E+01      0.10000000E+01      0.15232933E+01      0.15232933E+01      0.10000000E+01
 2868    1    3      0.00000000E+00      0.10000000E+01      0.10000000E+01      0.15275785E+01      0.15275785E+01      0.10000000E+01
 2869    1    3      0.00000000E+00      0.10000000E+01      0.10000000E+01      0.15318816E+01      0.15318816E+01      0.10000000E+01
 2870    1    3      0.00000000E+00      0.10000000E+01      0.10000000E+01      0.15362026E+01      0.15362026E+01      0.10000000E+01
 2871    1    3      0.00000000E+00      0.10000000E+01      0.10000000E+01      0.15405417E+01      0.15405417E+01      0.10000000E+01
 2872    1    3      0.00000000E+00      0.10000000E+01      0.10000000E+01      0.15448989E+01      0.15448989E+01      0.10000000E+01
 2873    1    3      0.00000000E+00      0.10000000E+01      0.10000000E+01      0.15492744E+01      0.15492744E+01      0.10000000E+01
 2874    1    3      0.00000000E+00      0.10000000E+01      0.10000000E+01      0.15536683E+01      0.15536683E+01      0.10000000E+01
 2875    1    3      0.00000000E+00      0.10000000E+01      0.10000000E+01      0.15580806E+01      0.15580806E+01      0.10000000E+01
 2876    1    3      0.00000000E+00      0.10000000E+01      0.10000000E+01      0.15625114E+01      0.15625114E+01      0.10000000E+01
 2877    1    3      0.00000000E+00      0.10000000E+01      0.10000000E+01      0.15669610E+01      0.15669610E+01      0.10000000E+01
 2878    1    3      0.00000000E+00      0.10000000E+01      0.10000000E+01      0.15714293E+01      0.15714293E+01      0.10000000E+01
 2879    1    3      0.00000000E+00      0.10000000E+01      0.10000000E+01      0.15759165E+01      0.15759165E+01      0.10000000E+01
 2880    1    3      0.00000000E+00      0.10000000E+01      0.10000000E+01      0.15804226E+01      0.15804226E+01      0.10000000E+01
 2881    1    3      0.00000000E+00      0.10000000E+01      0.10000000E+01      0.15849478E+01      0.15849478E+01      0.10000000E+01
