      0.79627428E+00      0.79627428E+00      0.27375615E+01      0.35355339E+00      0.35355339E+00      0.39204816E-14      0.35355339E+00      0.17677670E+01      0.39744377E-14      0.39204816E-14      0.39744377E-14     -0.62748714E-14
      0.79714115E+00      0.79714115E+00      0.27385615E+01      0.35355339E+00      0.35355339E+00      0.39201541E-14      0.35355339E+00      0.17677670E+01      0.39747652E-14      0.39201541E-14      0.39747652E-14     -0.62748714E-14
      0.79800988E+00      0.79800988E+00      0.27395615E+01      0.35355339E+00      0.35355339E+00      0.39198181E-14      0.35355339E+00      0.17677670E+01      0.39751012E-14      0.39198181E-14      0.39751012E-14     -0.62748714E-14
      0.79888048E+00      0.79888048E+00      0.27405615E+01      0.35355339E+00      0.35355339E+00      0.39194737E-14      0.35355339E+00      0.17677670E+01      0.39754456E-14      0.39194737E-14      0.39754456E-14     -0.62748714E-14
      0.79975294E+00      0.79975294E+00      0.27415615E+01      0.35355339E+00      0.35355339E+00      0.39405467E-14      0.35355339E+00      0.17677670E+01      0.39543726E-14      0.39405467E-14      0.39543726E-14      0.44070883E-14
      0.80062728E+00      0.80062728E+00      0.27425615E+01      0.35355339E+00      0.35355339E+00      0.39496177E-14      0.35355339E+00      0.17677670E+01      0.39453016E-14      0.39496177E-14      0.39453016E-14      0.44070883E-14
      0.80150350E+00      0.80150350E+00      0.27435615E+01      0.35355339E+00      0.35355339E+00      0.39425506E-14      0.35355339E+00      0.17677670E+01      0.39523687E-14      0.39425506E-14      0.39523687E-14      0.44070883E-14
      0.80238161E+00      0.80238161E+00      0.27445615E+01      0.35355339E+00      0.35355339E+00      0.39354897E-14      0.35355339E+00      0.17677670E+01      0.39594296E-14      0.39354897E-14      0.39594296E-14      0.44070883E-14
      0.80326162E+00      0.80326162E+00      0.27455615E+01      0.35355339E+00      0.35355339E+00      0.39284349E-14      0.35355339E+00      0.17677670E+01      0.39664843E-14      0.39284349E-14      0.39664843E-14      0.44070883E-14
      0.80414353E+00      0.80414353E+00      0.27465615E+01      0.35355339E+00      0.35355339E+00      0.70829987E-14      0.35355339E+00      0.17677670E+01      0.71278560E-14      0.70829987E-14      0.71278560E-14      0.32952160E-14
      0.80502734E+00      0.80502734E+00      0.27475615E+01      0.35355339E+00      0.35355339E+00      0.70731759E-14      0.35355339E+00      0.17677670E+01      0.71376788E-14      0.70731759E-14      0.71376788E-14      0.32952160E-14
      0.80591306E+00      0.80591306E+00      0.27485615E+01      0.35355339E+00      0.35355339E+00      0.70753367E-14      0.35355339E+00      0.17677670E+01      0.71355180E-14      0.70753367E-14      0.71355180E-14      0.32952160E-14
      0.80680071E+00      0.80680071E+00      0.27495615E+01      0.35355339E+00      0.35355339E+00      0.70655103E-14      0.35355339E+00      0.17677670E+01      0.71453444E-14      0.70655103E-14      0.71453444E-14      0.32952160E-14
      0.80769028E+00      0.80769028E+00      0.27505615E+01      0.35355339E+00      0.35355339E+00      0.70556886E-14      0.35355339E+00      0.17677670E+01      0.71551661E-14      0.70556886E-14      0.71551661E-14      0.32952160E-14
      0.80858178E+00      0.80858178E+00      0.27515615E+01      0.35355339E+00      0.35355339E+00      0.70780370E-14      0.35355339E+00      0.17677670E+01      0.71328177E-14      0.70780370E-14      0.71328177E-14      0.15026653E-13
      0.80947521E+00      0.80947521E+00      0.27525615E+01      0.35355339E+00      0.35355339E+00      0.70609431E-14      0.35355339E+00      0.17677670E+01      0.71499117E-14      0.70609431E-14      0.71499117E-14      0.15026653E-13
      0.81037059E+00      0.81037059E+00      0.27535615E+01      0.35355339E+00      0.35355339E+00      0.70438699E-14      0.35355339E+00      0.17677670E+01      0.71669848E-14      0.70438699E-14      0.71669848E-14      0.15026653E-13
      0.81126793E+00      0.81126793E+00      0.27545615E+01      0.35355339E+00      0.35355339E+00      0.70810825E-14      0.35355339E+00      0.17677670E+01      0.71297722E-14      0.70810825E-14      0.71297722E-14      0.15026653E-13
      0.81216721E+00      0.81216721E+00      0.27555615E+01      0.35355339E+00      0.35355339E+00      0.39416422E-14      0.35355339E+00      0.17677670E+01      0.39532771E-14      0.39416422E-14      0.39532771E-14     -0.67996102E-14
      0.81306846E+00      0.81306846E+00      0.27565615E+01      0.35355339E+00      0.35355339E+00      0.39414545E-14      0.35355339E+00      0.17677670E+01      0.39534648E-14      0.39414545E-14      0.39534648E-14     -0.67996102E-14
      0.81397168E+00      0.81397168E+00      0.27575615E+01      0.35355339E+00      0.35355339E+00      0.39412577E-14      0.35355339E+00      0.17677670E+01      0.39536616E-14      0.39412577E-14      0.39536616E-14     -0.67996102E-14
      0.81487688E+00      0.81487688E+00      0.27585615E+01      0.35355339E+00      0.35355339E+00      0.39410518E-14      0.35355339E+00      0.17677670E+01      0.39538675E-14      0.39410518E-14      0.39538675E-14     -0.67996102E-14
      0.81578405E+00      0.81578405E+00      0.27595615E+01      0.35355339E+00      0.35355339E+00      0.39408368E-14      0.35355339E+00      0.17677670E+01      0.39540825E-14      0.39408368E-14      0.39540825E-14     -0.67996102E-14
      0.81669322E+00      0.81669322E+00      0.27605615E+01      0.35355339E+00      0.35355339E+00      0.70703517E-14      0.35355339E+00      0.17677670E+01      0.71405030E-14      0.70703517E-14      0.71405030E-14     -0.11375476E-13
      0.81760437E+00      0.81760437E+00      0.27615615E+01      0.35355339E+00      0.35355339E+00      0.70694289E-14      0.35355339E+00      0.17677670E+01      0.71414258E-14      0.70694289E-14      0.71414258E-14     -0.11375476E-13
      0.81851753E+00      0.81851753E+00      0.27625615E+01      0.35355339E+00      0.35355339E+00      0.70684909E-14      0.35355339E+00      0.17677670E+01      0.71423638E-14      0.70684909E-14      0.71423638E-14     -0.11375476E-13
      0.81943270E+00      0.81943270E+00      0.27635615E+01      0.35355339E+00      0.35355339E+00      0.70675377E-14      0.35355339E+00      0.17677670E+01      0.71433171E-14      0.70675377E-14      0.71433171E-14     -0.11375476E-13
      0.82034988E+00      0.82034988E+00      0.27645615E+01      0.35355339E+00      0.35355339E+00      0.70665692E-14      0.35355339E+00      0.17677670E+01      0.71442855E-14      0.70665692E-14      0.71442855E-14     -0.11375476E-13
      0.82126909E+00      0.82126909E+00      0.27655615E+01      0.35355339E+00      0.35355339E+00      0.70718041E-14      0.35355339E+00      0.17677670E+01      0.71390507E-14      0.70718041E-14      0.71390507E-14      0.56033493E-14
      0.82219032E+00      0.82219032E+00      0.27665615E+01      0.35355339E+00      0.35355339E+00      0.70804391E-14      0.35355339E+00      0.17677670E+01      0.71304156E-14      0.70804391E-14      0.71304156E-14      0.56033493E-14
      0.82311358E+00      0.82311358E+00      0.27675615E+01      0.35355339E+00      0.35355339E+00      0.70690934E-14      0.35355339E+00      0.17677670E+01      0.71417613E-14      0.70690934E-14      0.71417613E-14      0.56033493E-14
      0.82403889E+00      0.82403889E+00      0.27685615E+01      0.35355339E+00      0.35355339E+00      0.70577556E-14      0.35355339E+00      0.17677670E+01      0.71530991E-14      0.70577556E-14      0.71530991E-14      0.56033493E-14
      0.82496624E+00      0.82496624E+00      0.27695615E+01      0.35355339E+00      0.35355339E+00      0.39439362E-14      0.35355339E+00      0.17677670E+01      0.39509831E-14      0.39439362E-14      0.39509831E-14      0.20989550E-14
      0.82589565E+00      0.82589565E+00      0.27705615E+01      0.35355339E+00      0.35355339E+00      0.39382272E-14      0.35355339E+00      0.17677670E+01      0.39566920E-14      0.39382272E-14      0.39566920E-14      0.20989550E-14
      0.82682711E+00      0.82682711E+00      0.27715615E+01      0.35355339E+00      0.35355339E+00      0.39399585E-14      0.35355339E+00      0.17677670E+01      0.39549608E-14      0.39399585E-14      0.39549608E-14      0.20989550E-14
      0.82776065E+00      0.82776065E+00      0.27725615E+01      0.35355339E+00      0.35355339E+00      0.39342473E-14      0.35355339E+00      0.17677670E+01      0.39606720E-14      0.39342473E-14      0.39606720E-14      0.20989550E-14
      0.82869626E+00      0.82869626E+00      0.27735615E+01      0.35355339E+00      0.35355339E+00      0.70902424E-14      0.35355339E+00      0.17677670E+01      0.71206123E-14      0.70902424E-14      0.71206123E-14      0.20989550E-14
      0.82963395E+00      0.82963395E+00      0.27745615E+01      0.35355339E+00      0.35355339E+00      0.70809637E-14      0.35355339E+00      0.17677670E+01      0.71298910E-14      0.70809637E-14      0.71298910E-14      0.20989550E-14
      0.83057373E+00      0.83057373E+00      0.27755615E+01      0.35355339E+00      0.35355339E+00      0.70716882E-14      0.35355339E+00      0.17677670E+01      0.71391665E-14      0.70716882E-14      0.71391665E-14      0.20989550E-14
      0.83151561E+00      0.83151561E+00      0.27765615E+01      0.35355339E+00      0.35355339E+00      0.70624158E-14      0.35355339E+00      0.17677670E+01      0.71484389E-14      0.70624158E-14      0.71484389E-14      0.20989550E-14
      0.83245958E+00      0.83245958E+00      0.27775615E+01      0.35355339E+00      0.35355339E+00      0.70605335E-14      0.35355339E+00      0.17677670E+01      0.71503212E-14      0.70605335E-14      0.71503212E-14      0.20989550E-14
      0.83340567E+00      0.83340567E+00      0.27785615E+01      0.35355339E+00      0.35355339E+00      0.70789737E-14      0.35355339E+00      0.17677670E+01      0.71318810E-14      0.70789737E-14      0.71318810E-14     -0.53097824E-14
      0.83435387E+00      0.83435387E+00      0.27795615E+01      0.35355339E+00      0.35355339E+00      0.70741108E-14      0.35355339E+00      0.17677670E+01      0.71367440E-14      0.70741108E-14      0.71367440E-14     -0.53097824E-14
      0.83530420E+00      0.83530420E+00      0.27805615E+01      0.35355339E+00      0.35355339E+00      0.70692409E-14      0.35355339E+00      0.17677670E+01      0.71416138E-14      0.70692409E-14      0.71416138E-14     -0.53097824E-14
      0.83625665E+00      0.83625665E+00      0.27815615E+01      0.35355339E+00      0.35355339E+00      0.70643641E-14      0.35355339E+00      0.17677670E+01      0.71464906E-14      0.70643641E-14      0.71464906E-14     -0.53097824E-14
      0.83721124E+00      0.83721124E+00      0.27825615E+01      0.35355339E+00      0.35355339E+00      0.39518565E-14      0.35355339E+00      0.17677670E+01      0.39430628E-14      0.39518565E-14      0.39430628E-14     -0.41979101E-14
      0.83816798E+00      0.83816798E+00      0.27835615E+01      0.35355339E+00      0.35355339E+00      0.39351767E-14      0.35355339E+00      0.17677670E+01      0.39597426E-14      0.39351767E-14      0.39597426E-14     -0.41979101E-14
      0.83912687E+00      0.83912687E+00      0.27845615E+01      0.35355339E+00      0.35355339E+00      0.39331812E-14      0.35355339E+00      0.17677670E+01      0.39617380E-14      0.39331812E-14      0.39617380E-14     -0.41979101E-14
      0.84008792E+00      0.84008792E+00      0.27855615E+01      0.35355339E+00      0.35355339E+00      0.39311802E-14      0.35355339E+00      0.17677670E+01      0.39637390E-14      0.39311802E-14      0.39637390E-14     -0.41979101E-14
      0.84105113E+00      0.84105113E+00      0.27865615E+01      0.35355339E+00      0.35355339E+00      0.39291737E-14      0.35355339E+00      0.17677670E+01      0.39657456E-14      0.39291737E-14      0.39657456E-14     -0.41979101E-14
      0.84201652E+00      0.84201652E+00      0.27875615E+01      0.35355339E+00      0.35355339E+00      0.70832397E-14      0.35355339E+00      0.17677670E+01      0.71276150E-14      0.70832397E-14      0.71276150E-14     -0.15742163E-14
      0.84298409E+00      0.84298409E+00      0.27885615E+01      0.35355339E+00      0.35355339E+00      0.70760434E-14      0.35355339E+00      0.17677670E+01      0.71348114E-14      0.70760434E-14      0.71348114E-14     -0.15742163E-14
      0.84395384E+00      0.84395384E+00      0.27895615E+01      0.35355339E+00      0.35355339E+00      0.70633805E-14      0.35355339E+00      0.17677670E+01      0.71474742E-14      0.70633805E-14      0.71474742E-14     -0.15742163E-14
      0.84492579E+00      0.84492579E+00      0.27905615E+01      0.35355339E+00      0.35355339E+00      0.70561868E-14      0.35355339E+00      0.17677670E+01      0.71546679E-14      0.70561868E-14      0.71546679E-14     -0.15742163E-14
      0.84589994E+00      0.84589994E+00      0.27915615E+01      0.35355339E+00      0.35355339E+00      0.70843279E-14      0.35355339E+00      0.17677670E+01      0.71265268E-14      0.70843279E-14      0.71265268E-14      0.52473876E-15
      0.84687631E+00      0.84687631E+00      0.27925615E+01      0.35355339E+00      0.35355339E+00      0.70758506E-14      0.35355339E+00      0.17677670E+01      0.71350042E-14      0.70758506E-14      0.71350042E-14      0.52473876E-15
      0.84785489E+00      0.84785489E+00      0.27935615E+01      0.35355339E+00      0.35355339E+00      0.70673743E-14      0.35355339E+00      0.17677670E+01      0.71434804E-14      0.70673743E-14      0.71434804E-14      0.52473876E-15
      0.84883569E+00      0.84883569E+00      0.27945615E+01      0.35355339E+00      0.35355339E+00      0.70588990E-14      0.35355339E+00      0.17677670E+01      0.71519557E-14      0.70588990E-14      0.71519557E-14      0.52473876E-15
      0.84981873E+00      0.84981873E+00      0.27955615E+01      0.35355339E+00      0.35355339E+00      0.39416946E-14      0.35355339E+00      0.17677670E+01      0.39532246E-14      0.39416946E-14      0.39532246E-14     -0.26860887E-14
      0.85080401E+00      0.85080401E+00      0.27965615E+01      0.35355339E+00      0.35355339E+00      0.39387085E-14      0.35355339E+00      0.17677670E+01      0.39562108E-14      0.39387085E-14      0.39562108E-14     -0.26860887E-14
      0.85179153E+00      0.85179153E+00      0.27975615E+01      0.35355339E+00      0.35355339E+00      0.39357189E-14      0.35355339E+00      0.17677670E+01      0.39592004E-14      0.39357189E-14      0.39592004E-14     -0.26860887E-14
      0.85278131E+00      0.85278131E+00      0.27985615E+01      0.35355339E+00      0.35355339E+00      0.39327258E-14      0.35355339E+00      0.17677670E+01      0.39621935E-14      0.39327258E-14      0.39621935E-14     -0.26860887E-14
      0.85377335E+00      0.85377335E+00      0.27995615E+01      0.35355339E+00      0.35355339E+00      0.70859568E-14      0.35355339E+00      0.17677670E+01      0.71248979E-14      0.70859568E-14      0.71248979E-14      0.18677831E-14
      0.85476767E+00      0.85476767E+00      0.28005615E+01      0.35355339E+00      0.35355339E+00      0.70766215E-14      0.35355339E+00      0.17677670E+01      0.71342332E-14      0.70766215E-14      0.71342332E-14      0.18677831E-14
      0.85576426E+00      0.85576426E+00      0.28015615E+01      0.35355339E+00      0.35355339E+00      0.70736833E-14      0.35355339E+00      0.17677670E+01      0.71371714E-14      0.70736833E-14      0.71371714E-14      0.18677831E-14
      0.85676314E+00      0.85676314E+00      0.28025615E+01      0.35355339E+00      0.35355339E+00      0.70643463E-14      0.35355339E+00      0.17677670E+01      0.71465084E-14      0.70643463E-14      0.71465084E-14      0.18677831E-14
      0.85776431E+00      0.85776431E+00      0.28035615E+01      0.35355339E+00      0.35355339E+00      0.70893787E-14      0.35355339E+00      0.17677670E+01      0.71214760E-14      0.70893787E-14      0.71214760E-14      0.23925218E-14
      0.85876778E+00      0.85876778E+00      0.28045615E+01      0.35355339E+00      0.35355339E+00      0.70797018E-14      0.35355339E+00      0.17677670E+01      0.71311529E-14      0.70797018E-14      0.71311529E-14      0.23925218E-14
      0.85977356E+00      0.85977356E+00      0.28055615E+01      0.35355339E+00      0.35355339E+00      0.70700284E-14      0.35355339E+00      0.17677670E+01      0.71408263E-14      0.70700284E-14      0.71408263E-14      0.23925218E-14
      0.86078166E+00      0.86078166E+00      0.28065615E+01      0.35355339E+00      0.35355339E+00      0.70603587E-14      0.35355339E+00      0.17677670E+01      0.71504961E-14      0.70603587E-14      0.71504961E-14      0.23925218E-14
      0.86179208E+00      0.86179208E+00      0.28075615E+01      0.35355339E+00      0.35355339E+00      0.39429087E-14      0.35355339E+00      0.17677670E+01      0.39520106E-14      0.39429087E-14      0.39520106E-14     -0.38823496E-14
      0.86280484E+00      0.86280484E+00      0.28085615E+01      0.35355339E+00      0.35355339E+00      0.39405304E-14      0.35355339E+00      0.17677670E+01      0.39543889E-14      0.39405304E-14      0.39543889E-14     -0.38823496E-14
      0.86381994E+00      0.86381994E+00      0.28095615E+01      0.35355339E+00      0.35355339E+00      0.39381469E-14      0.35355339E+00      0.17677670E+01      0.39567723E-14      0.39381469E-14      0.39567723E-14     -0.38823496E-14
      0.86483739E+00      0.86483739E+00      0.28105615E+01      0.35355339E+00      0.35355339E+00      0.39357584E-14      0.35355339E+00      0.17677670E+01      0.39591609E-14      0.39357584E-14      0.39591609E-14     -0.38823496E-14
      0.86585719E+00      0.86585719E+00      0.28115615E+01      0.35355339E+00      0.35355339E+00      0.39333648E-14      0.35355339E+00      0.17677670E+01      0.39615545E-14      0.39333648E-14      0.39615545E-14     -0.38823496E-14
      0.86687936E+00      0.86687936E+00      0.28125615E+01      0.35355339E+00      0.35355339E+00      0.70621339E-14      0.35355339E+00      0.17677670E+01      0.71487209E-14      0.70621339E-14      0.71487209E-14     -0.12340565E-13
      0.86790391E+00      0.86790391E+00      0.28135615E+01      0.35355339E+00      0.35355339E+00      0.70609066E-14      0.35355339E+00      0.17677670E+01      0.71499482E-14      0.70609066E-14      0.71499482E-14     -0.12340565E-13
      0.86893083E+00      0.86893083E+00      0.28145615E+01      0.35355339E+00      0.35355339E+00      0.70596628E-14      0.35355339E+00      0.17677670E+01      0.71511919E-14      0.70596628E-14      0.71511919E-14     -0.12340565E-13
      0.86996015E+00      0.86996015E+00      0.28155615E+01      0.35355339E+00      0.35355339E+00      0.70584026E-14      0.35355339E+00      0.17677670E+01      0.71524521E-14      0.70584026E-14      0.71524521E-14     -0.12340565E-13
      0.87099186E+00      0.87099186E+00      0.28165615E+01      0.35355339E+00      0.35355339E+00      0.70792123E-14      0.35355339E+00      0.17677670E+01      0.71316425E-14      0.70792123E-14      0.71316425E-14      0.56877378E-14
      0.87202598E+00      0.87202598E+00      0.28175615E+01      0.35355339E+00      0.35355339E+00      0.70675559E-14      0.35355339E+00      0.17677670E+01      0.71432988E-14      0.70675559E-14      0.71432988E-14      0.56877378E-14
      0.87306252E+00      0.87306252E+00      0.28185615E+01      0.35355339E+00      0.35355339E+00      0.70749937E-14      0.35355339E+00      0.17677670E+01      0.71358610E-14      0.70749937E-14      0.71358610E-14      0.56877378E-14
      0.87410148E+00      0.87410148E+00      0.28195615E+01      0.35355339E+00      0.35355339E+00      0.70633309E-14      0.35355339E+00      0.17677670E+01      0.71475238E-14      0.70633309E-14      0.71475238E-14      0.56877378E-14
      0.87514286E+00      0.87514286E+00      0.28205615E+01      0.35355339E+00      0.35355339E+00      0.39425635E-14      0.35355339E+00      0.17677670E+01      0.39523558E-14      0.39425635E-14      0.39523558E-14     -0.17209997E-14
      0.87618669E+00      0.87618669E+00      0.28215615E+01      0.35355339E+00      0.35355339E+00      0.39388487E-14      0.35355339E+00      0.17677670E+01      0.39560706E-14      0.39388487E-14      0.39560706E-14     -0.17209997E-14
      0.87723297E+00      0.87723297E+00      0.28225615E+01      0.35355339E+00      0.35355339E+00      0.39351317E-14      0.35355339E+00      0.17677670E+01      0.39597876E-14      0.39351317E-14      0.39597876E-14     -0.17209997E-14
      0.87828171E+00      0.87828171E+00      0.28235615E+01      0.35355339E+00      0.35355339E+00      0.39314126E-14      0.35355339E+00      0.17677670E+01      0.39635067E-14      0.39314126E-14      0.39635067E-14     -0.17209997E-14
      0.87933291E+00      0.87933291E+00      0.28245615E+01      0.35355339E+00      0.35355339E+00      0.71043518E-14      0.35355339E+00      0.17677670E+01      0.71065029E-14      0.71043518E-14      0.71065029E-14      0.14733086E-13
      0.88038658E+00      0.88038658E+00      0.28255615E+01      0.35355339E+00      0.35355339E+00      0.70874817E-14      0.35355339E+00      0.17677670E+01      0.71233731E-14      0.70874817E-14      0.71233731E-14      0.14733086E-13
      0.88144274E+00      0.88144274E+00      0.28265615E+01      0.35355339E+00      0.35355339E+00      0.70706320E-14      0.35355339E+00      0.17677670E+01      0.71402228E-14      0.70706320E-14      0.71402228E-14      0.14733086E-13
      0.88250139E+00      0.88250139E+00      0.28275615E+01      0.35355339E+00      0.35355339E+00      0.70538027E-14      0.35355339E+00      0.17677670E+01      0.71570520E-14      0.70538027E-14      0.71570520E-14      0.14733086E-13
      0.88356254E+00      0.88356254E+00      0.28285615E+01      0.35355339E+00      0.35355339E+00      0.70921464E-14      0.35355339E+00      0.17677670E+01      0.71187083E-14      0.70921464E-14      0.71187083E-14     -0.12571737E-13
      0.88462620E+00      0.88462620E+00      0.28295615E+01      0.35355339E+00      0.35355339E+00      0.70907246E-14      0.35355339E+00      0.17677670E+01      0.71201301E-14      0.70907246E-14      0.71201301E-14     -0.12571737E-13
      0.88569238E+00      0.88569238E+00      0.28305615E+01      0.35355339E+00      0.35355339E+00      0.70477014E-14      0.35355339E+00      0.17677670E+01      0.71631534E-14      0.70477014E-14      0.71631534E-14     -0.12571737E-13
      0.88676108E+00      0.88676108E+00      0.28315615E+01      0.35355339E+00      0.35355339E+00      0.39505397E-14      0.35355339E+00      0.17677670E+01      0.39443796E-14      0.39505397E-14      0.39443796E-14      0.44070883E-14
      0.88783232E+00      0.88783232E+00      0.28325615E+01      0.35355339E+00      0.35355339E+00      0.39432911E-14      0.35355339E+00      0.17677670E+01      0.39516282E-14      0.39432911E-14      0.39516282E-14      0.44070883E-14
      0.88890610E+00      0.88890610E+00      0.28335615E+01      0.35355339E+00      0.35355339E+00      0.39360487E-14      0.35355339E+00      0.17677670E+01      0.39588706E-14      0.39360487E-14      0.39588706E-14      0.44070883E-14
      0.88998244E+00      0.88998244E+00      0.28345615E+01      0.35355339E+00      0.35355339E+00      0.39288126E-14      0.35355339E+00      0.17677670E+01      0.39661067E-14      0.39288126E-14      0.39661067E-14      0.44070883E-14
      0.89106134E+00      0.89106134E+00      0.28355615E+01      0.35355339E+00      0.35355339E+00      0.70868563E-14      0.35355339E+00      0.17677670E+01      0.71239984E-14      0.70868563E-14      0.71239984E-14      0.11962609E-14
      0.89214281E+00      0.89214281E+00      0.28365615E+01      0.35355339E+00      0.35355339E+00      0.70815234E-14      0.35355339E+00      0.17677670E+01      0.71293313E-14      0.70815234E-14      0.71293313E-14      0.11962609E-14
      0.89322686E+00      0.89322686E+00      0.28375615E+01      0.35355339E+00      0.35355339E+00      0.70722594E-14      0.35355339E+00      0.17677670E+01      0.71385953E-14      0.70722594E-14      0.71385953E-14      0.11962609E-14
      0.89431350E+00      0.89431350E+00      0.28385615E+01      0.35355339E+00      0.35355339E+00      0.70629974E-14      0.35355339E+00      0.17677670E+01      0.71478573E-14      0.70629974E-14      0.71478573E-14      0.11962609E-14
      0.89540274E+00      0.89540274E+00      0.28395615E+01      0.35355339E+00      0.35355339E+00      0.70794226E-14      0.35355339E+00      0.17677670E+01      0.71314321E-14      0.70794226E-14      0.71314321E-14      0.19749302E-13
      0.89649459E+00      0.89649459E+00      0.28405615E+01      0.35355339E+00      0.35355339E+00      0.70597857E-14      0.35355339E+00      0.17677670E+01      0.71510690E-14      0.70597857E-14      0.71510690E-14      0.19749302E-13
      0.89758906E+00      0.89758906E+00      0.28415615E+01      0.35355339E+00      0.35355339E+00      0.70401762E-14      0.35355339E+00      0.17677670E+01      0.71706786E-14      0.70401762E-14      0.71706786E-14      0.19749302E-13
      0.89868615E+00      0.89868615E+00      0.28425615E+01      0.35355339E+00      0.35355339E+00      0.70849759E-14      0.35355339E+00      0.17677670E+01      0.71258788E-14      0.70849759E-14      0.71258788E-14      0.19749302E-13
      0.89978588E+00      0.89978588E+00      0.28435615E+01      0.35355339E+00      0.35355339E+00      0.39385808E-14      0.35355339E+00      0.17677670E+01      0.39563385E-14      0.39385808E-14      0.39563385E-14     -0.88985652E-14
      0.90088826E+00      0.90088826E+00      0.28445615E+01      0.35355339E+00      0.35355339E+00      0.39387001E-14      0.35355339E+00      0.17677670E+01      0.39562192E-14      0.39387001E-14      0.39562192E-14     -0.88985652E-14
      0.90199329E+00      0.90199329E+00      0.28455615E+01      0.35355339E+00      0.35355339E+00      0.39388076E-14      0.35355339E+00      0.17677670E+01      0.39561117E-14      0.39388076E-14      0.39561117E-14     -0.88985652E-14
      0.90310098E+00      0.90310098E+00      0.28465615E+01      0.35355339E+00      0.35355339E+00      0.39389031E-14      0.35355339E+00      0.17677670E+01      0.39560162E-14      0.39389031E-14      0.39560162E-14     -0.88985652E-14
      0.90421135E+00      0.90421135E+00      0.28475615E+01      0.35355339E+00      0.35355339E+00      0.70803590E-14      0.35355339E+00      0.17677670E+01      0.71304957E-14      0.70803590E-14      0.71304957E-14      0.17833945E-14
      0.90532440E+00      0.90532440E+00      0.28485615E+01      0.35355339E+00      0.35355339E+00      0.70764403E-14      0.35355339E+00      0.17677670E+01      0.71344145E-14      0.70764403E-14      0.71344145E-14      0.17833945E-14
      0.90644014E+00      0.90644014E+00      0.28495615E+01      0.35355339E+00      0.35355339E+00      0.70667461E-14      0.35355339E+00      0.17677670E+01      0.71441086E-14      0.70667461E-14      0.71441086E-14      0.17833945E-14
      0.90755859E+00      0.90755859E+00      0.28505615E+01      0.35355339E+00      0.35355339E+00      0.70894151E-14      0.35355339E+00      0.17677670E+01      0.71214396E-14      0.70894151E-14      0.71214396E-14     -0.39667381E-14
      0.90867975E+00      0.90867975E+00      0.28515615E+01      0.35355339E+00      0.35355339E+00      0.70828506E-14      0.35355339E+00      0.17677670E+01      0.71280041E-14      0.70828506E-14      0.71280041E-14     -0.39667381E-14
      0.90980363E+00      0.90980363E+00      0.28525615E+01      0.35355339E+00      0.35355339E+00      0.70762811E-14      0.35355339E+00      0.17677670E+01      0.71345736E-14      0.70762811E-14      0.71345736E-14     -0.39667381E-14
      0.91093025E+00      0.91093025E+00      0.28535615E+01      0.35355339E+00      0.35355339E+00      0.70569491E-14      0.35355339E+00      0.17677670E+01      0.71539057E-14      0.70569491E-14      0.71539057E-14     -0.39667381E-14
      0.91205961E+00      0.91205961E+00      0.28545615E+01      0.35355339E+00      0.35355339E+00      0.39456005E-14      0.35355339E+00      0.17677670E+01      0.39493188E-14      0.39456005E-14      0.39493188E-14      0.52473876E-15
      0.91319172E+00      0.91319172E+00      0.28555615E+01      0.35355339E+00      0.35355339E+00      0.39404217E-14      0.35355339E+00      0.17677670E+01      0.39544976E-14      0.39404217E-14      0.39544976E-14      0.52473876E-15
      0.91432659E+00      0.91432659E+00      0.28565615E+01      0.35355339E+00      0.35355339E+00      0.39352438E-14      0.35355339E+00      0.17677670E+01      0.39596754E-14      0.39352438E-14      0.39596754E-14      0.52473876E-15
      0.91546423E+00      0.91546423E+00      0.28575615E+01      0.35355339E+00      0.35355339E+00      0.39300669E-14      0.35355339E+00      0.17677670E+01      0.39648523E-14      0.39300669E-14      0.39648523E-14      0.52473876E-15
      0.91660465E+00      0.91660465E+00      0.28585615E+01      0.35355339E+00      0.35355339E+00      0.70813143E-14      0.35355339E+00      0.17677670E+01      0.71295404E-14      0.70813143E-14      0.71295404E-14      0.20989550E-14
      0.91774787E+00      0.91774787E+00      0.28595615E+01      0.35355339E+00      0.35355339E+00      0.70780501E-14      0.35355339E+00      0.17677670E+01      0.71328046E-14      0.70780501E-14      0.71328046E-14      0.20989550E-14
      0.91889389E+00      0.91889389E+00      0.28605615E+01      0.35355339E+00      0.35355339E+00      0.70680805E-14      0.35355339E+00      0.17677670E+01      0.71427742E-14      0.70680805E-14      0.71427742E-14      0.20989550E-14
      0.92004272E+00      0.92004272E+00      0.28615615E+01      0.35355339E+00      0.35355339E+00      0.70871194E-14      0.35355339E+00      0.17677670E+01      0.71237353E-14      0.70871194E-14      0.71237353E-14     -0.53097824E-14
      0.92119437E+00      0.92119437E+00      0.28625615E+01      0.35355339E+00      0.35355339E+00      0.70811413E-14      0.35355339E+00      0.17677670E+01      0.71297134E-14      0.70811413E-14      0.71297134E-14     -0.53097824E-14
      0.92234886E+00      0.92234886E+00      0.28635615E+01      0.35355339E+00      0.35355339E+00      0.70751564E-14      0.35355339E+00      0.17677670E+01      0.71356983E-14      0.70751564E-14      0.71356983E-14     -0.53097824E-14
      0.92350619E+00      0.92350619E+00      0.28645615E+01      0.35355339E+00      0.35355339E+00      0.70691646E-14      0.35355339E+00      0.17677670E+01      0.71416901E-14      0.70691646E-14      0.71416901E-14     -0.53097824E-14
      0.92466637E+00      0.92466637E+00      0.28655615E+01      0.35355339E+00      0.35355339E+00      0.39413811E-14      0.35355339E+00      0.17677670E+01      0.39535382E-14      0.39413811E-14      0.39535382E-14     -0.20989550E-14
      0.92582942E+00      0.92582942E+00      0.28665615E+01      0.35355339E+00      0.35355339E+00      0.39375634E-14      0.35355339E+00      0.17677670E+01      0.39573559E-14      0.39375634E-14      0.39573559E-14     -0.20989550E-14
      0.92699534E+00      0.92699534E+00      0.28675615E+01      0.35355339E+00      0.35355339E+00      0.39337431E-14      0.35355339E+00      0.17677670E+01      0.39611762E-14      0.39337431E-14      0.39611762E-14     -0.20989550E-14
      0.92816415E+00      0.92816415E+00      0.28685615E+01      0.35355339E+00      0.35355339E+00      0.70877208E-14      0.35355339E+00      0.17677670E+01      0.71231339E-14      0.70877208E-14      0.71231339E-14      0.13767997E-13
      0.92933585E+00      0.92933585E+00      0.28695615E+01      0.35355339E+00      0.35355339E+00      0.70713772E-14      0.35355339E+00      0.17677670E+01      0.71394775E-14      0.70713772E-14      0.71394775E-14      0.13767997E-13
      0.93051046E+00      0.93051046E+00      0.28705615E+01      0.35355339E+00      0.35355339E+00      0.70550527E-14      0.35355339E+00      0.17677670E+01      0.71558020E-14      0.70550527E-14      0.71558020E-14      0.13767997E-13
      0.93168799E+00      0.93168799E+00      0.28715615E+01      0.35355339E+00      0.35355339E+00      0.70820407E-14      0.35355339E+00      0.17677670E+01      0.71288140E-14      0.70820407E-14      0.71288140E-14      0.13767997E-13
      0.93286845E+00      0.93286845E+00      0.28725615E+01      0.35355339E+00      0.35355339E+00      0.70871104E-14      0.35355339E+00      0.17677670E+01      0.71237444E-14      0.70871104E-14      0.71237444E-14      0.81830557E-15
      0.93405184E+00      0.93405184E+00      0.28735615E+01      0.35355339E+00      0.35355339E+00      0.70776933E-14      0.35355339E+00      0.17677670E+01      0.71331614E-14      0.70776933E-14      0.71331614E-14      0.81830557E-15
      0.93523818E+00      0.93523818E+00      0.28745615E+01      0.35355339E+00      0.35355339E+00      0.70682778E-14      0.35355339E+00      0.17677670E+01      0.71425769E-14      0.70682778E-14      0.71425769E-14      0.81830557E-15
      0.93642748E+00      0.93642748E+00      0.28755615E+01      0.35355339E+00      0.35355339E+00      0.39493982E-14      0.35355339E+00      0.17677670E+01      0.39455211E-14      0.39493982E-14      0.39455211E-14     -0.26860887E-14
      0.93761976E+00      0.93761976E+00      0.28765615E+01      0.35355339E+00      0.35355339E+00      0.39458085E-14      0.35355339E+00      0.17677670E+01      0.39491107E-14      0.39458085E-14      0.39491107E-14     -0.26860887E-14
      0.93881501E+00      0.93881501E+00      0.28775615E+01      0.35355339E+00      0.35355339E+00      0.39338332E-14      0.35355339E+00      0.17677670E+01      0.39610861E-14      0.39338332E-14      0.39610861E-14     -0.26860887E-14
      0.94001326E+00      0.94001326E+00      0.28785615E+01      0.35355339E+00      0.35355339E+00      0.39302475E-14      0.35355339E+00      0.17677670E+01      0.39646718E-14      0.39302475E-14      0.39646718E-14     -0.26860887E-14
      0.94121452E+00      0.94121452E+00      0.28795615E+01      0.35355339E+00      0.35355339E+00      0.70865057E-14      0.35355339E+00      0.17677670E+01      0.71243490E-14      0.70865057E-14      0.71243490E-14      0.18677831E-14
      0.94241879E+00      0.94241879E+00      0.28805615E+01      0.35355339E+00      0.35355339E+00      0.70764592E-14      0.35355339E+00      0.17677670E+01      0.71343955E-14      0.70764592E-14      0.71343955E-14      0.18677831E-14
      0.94362608E+00      0.94362608E+00      0.28815615E+01      0.35355339E+00      0.35355339E+00      0.70664158E-14      0.35355339E+00      0.17677670E+01      0.71444390E-14      0.70664158E-14      0.71444390E-14      0.18677831E-14
      0.94483642E+00      0.94483642E+00      0.28825615E+01      0.35355339E+00      0.35355339E+00      0.70743835E-14      0.35355339E+00      0.17677670E+01      0.71364712E-14      0.70743835E-14      0.71364712E-14      0.11144304E-13
      0.94604980E+00      0.94604980E+00      0.28835615E+01      0.35355339E+00      0.35355339E+00      0.70939313E-14      0.35355339E+00      0.17677670E+01      0.71169234E-14      0.70939313E-14      0.71169234E-14      0.11144304E-13
      0.94726625E+00      0.94726625E+00      0.28845615E+01      0.35355339E+00      0.35355339E+00      0.70789392E-14      0.35355339E+00      0.17677670E+01      0.71319155E-14      0.70789392E-14      0.71319155E-14      0.11144304E-13
      0.94848577E+00      0.94848577E+00      0.28855615E+01      0.35355339E+00      0.35355339E+00      0.70639627E-14      0.35355339E+00      0.17677670E+01      0.71468920E-14      0.70639627E-14      0.71468920E-14      0.11144304E-13
      0.94970837E+00      0.94970837E+00      0.28865615E+01      0.35355339E+00      0.35355339E+00     -0.21289297E-13      0.35355339E+00      0.17677670E+01     -0.21343267E-13     -0.21289297E-13     -0.21343267E-13     -0.14964258E-13
      0.95093407E+00      0.95093407E+00      0.28875615E+01      0.35355339E+00      0.35355339E+00     -0.21253988E-13      0.35355339E+00      0.17677670E+01     -0.21378576E-13     -0.21253988E-13     -0.21378576E-13     -0.14964258E-13
      0.95216287E+00      0.95216287E+00      0.28885615E+01      0.35355339E+00      0.35355339E+00     -0.21218701E-13      0.35355339E+00      0.17677670E+01     -0.21413863E-13     -0.21218701E-13     -0.21413863E-13     -0.14964258E-13
      0.95339479E+00      0.95339479E+00      0.28895615E+01      0.35355339E+00      0.35355339E+00      0.70827670E-14      0.35355339E+00      0.17677670E+01      0.71280877E-14      0.70827670E-14      0.71280877E-14     -0.51629990E-14
      0.95462985E+00      0.95462985E+00      0.28905615E+01      0.35355339E+00      0.35355339E+00      0.70763078E-14      0.35355339E+00      0.17677670E+01      0.71345469E-14      0.70763078E-14      0.71345469E-14     -0.51629990E-14
      0.95586804E+00      0.95586804E+00      0.28915615E+01      0.35355339E+00      0.35355339E+00      0.70698421E-14      0.35355339E+00      0.17677670E+01      0.71410126E-14      0.70698421E-14      0.71410126E-14     -0.51629990E-14
      0.95710939E+00      0.95710939E+00      0.28925615E+01      0.35355339E+00      0.35355339E+00      0.70921392E-14      0.35355339E+00      0.17677670E+01      0.71187156E-14      0.70921392E-14      0.71187156E-14     -0.11962609E-14
      0.95835391E+00      0.95835391E+00      0.28935615E+01      0.35355339E+00      0.35355339E+00      0.70835534E-14      0.35355339E+00      0.17677670E+01      0.71273013E-14      0.70835534E-14      0.71273013E-14     -0.11962609E-14
      0.95960161E+00      0.95960161E+00      0.28945615E+01      0.35355339E+00      0.35355339E+00      0.70713144E-14      0.35355339E+00      0.17677670E+01      0.71395404E-14      0.70713144E-14      0.71395404E-14     -0.11962609E-14
      0.96085249E+00      0.96085249E+00      0.28955615E+01      0.35355339E+00      0.35355339E+00      0.70627311E-14      0.35355339E+00      0.17677670E+01      0.71481236E-14      0.70627311E-14      0.71481236E-14     -0.11962609E-14
      0.96210658E+00      0.96210658E+00      0.28965615E+01      0.35355339E+00      0.35355339E+00     -0.21289717E-13      0.35355339E+00      0.17677670E+01     -0.21342847E-13     -0.21289717E-13     -0.21342847E-13      0.14964258E-13
      0.96336388E+00      0.96336388E+00      0.28975615E+01      0.35355339E+00      0.35355339E+00     -0.21269698E-13      0.35355339E+00      0.17677670E+01     -0.21362866E-13     -0.21269698E-13     -0.21362866E-13      0.14964258E-13
      0.96462441E+00      0.96462441E+00      0.28985615E+01      0.35355339E+00      0.35355339E+00     -0.21249660E-13      0.35355339E+00      0.17677670E+01     -0.21382904E-13     -0.21249660E-13     -0.21382904E-13      0.14964258E-13
      0.96588817E+00      0.96588817E+00      0.28995615E+01      0.35355339E+00      0.35355339E+00      0.70847117E-14      0.35355339E+00      0.17677670E+01      0.71261430E-14      0.70847117E-14      0.71261430E-14      0.30640440E-14
      0.96715519E+00      0.96715519E+00      0.29005615E+01      0.35355339E+00      0.35355339E+00      0.70831279E-14      0.35355339E+00      0.17677670E+01      0.71277268E-14      0.70831279E-14      0.71277268E-14      0.30640440E-14
      0.96842547E+00      0.96842547E+00      0.29015615E+01      0.35355339E+00      0.35355339E+00      0.70722550E-14      0.35355339E+00      0.17677670E+01      0.71385997E-14      0.70722550E-14      0.71385997E-14      0.30640440E-14
      0.96969903E+00      0.96969903E+00      0.29025615E+01      0.35355339E+00      0.35355339E+00      0.70893725E-14      0.35355339E+00      0.17677670E+01      0.71214822E-14      0.70893725E-14      0.71214822E-14     -0.30016491E-14
      0.97097588E+00      0.97097588E+00      0.29035615E+01      0.35355339E+00      0.35355339E+00      0.70815956E-14      0.35355339E+00      0.17677670E+01      0.71292591E-14      0.70815956E-14      0.71292591E-14     -0.30016491E-14
      0.97225603E+00      0.97225603E+00      0.29045615E+01      0.35355339E+00      0.35355339E+00      0.70738151E-14      0.35355339E+00      0.17677670E+01      0.71370396E-14      0.70738151E-14      0.71370396E-14     -0.30016491E-14
      0.97353949E+00      0.97353949E+00      0.29055615E+01      0.35355339E+00      0.35355339E+00      0.70660310E-14      0.35355339E+00      0.17677670E+01      0.71448238E-14      0.70660310E-14      0.71448238E-14     -0.30016491E-14
      0.97482628E+00      0.97482628E+00      0.29065615E+01      0.35355339E+00      0.35355339E+00     -0.21300770E-13      0.35355339E+00      0.17677670E+01     -0.21331794E-13     -0.21300770E-13     -0.21331794E-13     -0.75555209E-14
      0.97611640E+00      0.97611640E+00      0.29075615E+01      0.35355339E+00      0.35355339E+00     -0.21268747E-13      0.35355339E+00      0.17677670E+01     -0.21363817E-13     -0.21268747E-13     -0.21363817E-13     -0.75555209E-14
      0.97740988E+00      0.97740988E+00      0.29085615E+01      0.35355339E+00      0.35355339E+00     -0.21236735E-13      0.35355339E+00      0.17677670E+01     -0.21395829E-13     -0.21236735E-13     -0.21395829E-13     -0.75555209E-14
      0.97870673E+00      0.97870673E+00      0.29095615E+01      0.35355339E+00      0.35355339E+00      0.70832450E-14      0.35355339E+00      0.17677670E+01      0.71276097E-14      0.70832450E-14      0.71276097E-14      0.11291087E-13
      0.98000695E+00      0.98000695E+00      0.29105615E+01      0.35355339E+00      0.35355339E+00      0.70680866E-14      0.35355339E+00      0.17677670E+01      0.71427681E-14      0.70680866E-14      0.71427681E-14      0.11291087E-13
      0.98131057E+00      0.98131057E+00      0.29115615E+01      0.35355339E+00      0.35355339E+00      0.70529440E-14      0.35355339E+00      0.17677670E+01      0.71579107E-14      0.70529440E-14      0.71579107E-14      0.11291087E-13
      0.98261759E+00      0.98261759E+00      0.29125615E+01      0.35355339E+00      0.35355339E+00      0.70943776E-14      0.35355339E+00      0.17677670E+01      0.71164772E-14      0.70943776E-14      0.71164772E-14      0.56877378E-14
      0.98392802E+00      0.98392802E+00      0.29135615E+01      0.35355339E+00      0.35355339E+00      0.70820386E-14      0.35355339E+00      0.17677670E+01      0.71288161E-14      0.70820386E-14      0.71288161E-14      0.56877378E-14
      0.98524189E+00      0.98524189E+00      0.29145615E+01      0.35355339E+00      0.35355339E+00      0.70697079E-14      0.35355339E+00      0.17677670E+01      0.71411468E-14      0.70697079E-14      0.71411468E-14      0.56877378E-14
      0.98655920E+00      0.98655920E+00      0.29155615E+01      0.35355339E+00      0.35355339E+00     -0.21306160E-13      0.35355339E+00      0.17677670E+01     -0.21326404E-13     -0.21306160E-13     -0.21326404E-13      0.67152216E-15
      0.98787997E+00      0.98787997E+00      0.29165615E+01      0.35355339E+00      0.35355339E+00     -0.21278014E-13      0.35355339E+00      0.17677670E+01     -0.21354550E-13     -0.21278014E-13     -0.21354550E-13      0.67152216E-15
      0.98920421E+00      0.98920421E+00      0.29175615E+01      0.35355339E+00      0.35355339E+00     -0.21249869E-13      0.35355339E+00      0.17677670E+01     -0.21382695E-13     -0.21249869E-13     -0.21382695E-13      0.67152216E-15
      0.99053194E+00      0.99053194E+00      0.29185615E+01      0.35355339E+00      0.35355339E+00      0.70861343E-14      0.35355339E+00      0.17677670E+01      0.71247204E-14      0.70861343E-14      0.71247204E-14     -0.32952160E-14
      0.99186316E+00      0.99186316E+00      0.29195615E+01      0.35355339E+00      0.35355339E+00      0.70782848E-14      0.35355339E+00      0.17677670E+01      0.71325699E-14      0.70782848E-14      0.71325699E-14     -0.32952160E-14
      0.99319789E+00      0.99319789E+00      0.29205615E+01      0.35355339E+00      0.35355339E+00      0.70704314E-14      0.35355339E+00      0.17677670E+01      0.71404233E-14      0.70704314E-14      0.71404233E-14     -0.32952160E-14
      0.99453615E+00      0.99453615E+00      0.29215615E+01      0.35355339E+00      0.35355339E+00      0.70936649E-14      0.35355339E+00      0.17677670E+01      0.71171899E-14      0.70936649E-14      0.71171899E-14     -0.77646991E-14
      0.99587795E+00      0.99587795E+00      0.29225615E+01      0.35355339E+00      0.35355339E+00      0.70880056E-14      0.35355339E+00      0.17677670E+01      0.71228491E-14      0.70880056E-14      0.71228491E-14     -0.77646991E-14
      0.99722330E+00      0.99722330E+00      0.29235615E+01      0.35355339E+00      0.35355339E+00      0.70823363E-14      0.35355339E+00      0.17677670E+01      0.71285184E-14      0.70823363E-14      0.71285184E-14     -0.77646991E-14
      0.99857222E+00      0.99857222E+00      0.29245615E+01      0.35355339E+00      0.35355339E+00     -0.21306206E-13      0.35355339E+00      0.17677670E+01     -0.21326359E-13     -0.21306206E-13     -0.21326359E-13      0.79958711E-14
      0.99992472E+00      0.99992472E+00      0.29255615E+01      0.35355339E+00      0.35355339E+00     -0.21281385E-13      0.35355339E+00      0.17677670E+01     -0.21351179E-13     -0.21281385E-13     -0.21351179E-13      0.79958711E-14
      0.10012808E+01      0.10012808E+01      0.29265615E+01      0.35355339E+00      0.35355339E+00     -0.21256555E-13      0.35355339E+00      0.17677670E+01     -0.21376009E-13     -0.21256555E-13     -0.21376009E-13      0.79958711E-14
      0.10026405E+01      0.10026405E+01      0.29275615E+01      0.35355339E+00      0.35355339E+00     -0.21231716E-13      0.35355339E+00      0.17677670E+01     -0.21400848E-13     -0.21231716E-13     -0.21400848E-13      0.79958711E-14
      0.10040039E+01      0.10040039E+01      0.29285615E+01      0.35355339E+00      0.35355339E+00      0.70831154E-14      0.35355339E+00      0.17677670E+01      0.71277393E-14      0.70831154E-14      0.71277393E-14     -0.29356681E-15
      0.10053708E+01      0.10053708E+01      0.29295615E+01      0.35355339E+00      0.35355339E+00      0.70736308E-14      0.35355339E+00      0.17677670E+01      0.71372239E-14      0.70736308E-14      0.71372239E-14     -0.29356681E-15
      0.10067414E+01      0.10067414E+01      0.29305615E+01      0.35355339E+00      0.35355339E+00      0.70632919E-14      0.35355339E+00      0.17677670E+01      0.71475628E-14      0.70632919E-14      0.71475628E-14     -0.29356681E-15
      0.10081157E+01      0.10081157E+01      0.29315615E+01      0.35355339E+00      0.35355339E+00      0.70803844E-14      0.35355339E+00      0.17677670E+01      0.71304703E-14      0.70803844E-14      0.71304703E-14     -0.53097824E-14
      0.10094937E+01      0.10094937E+01      0.29325615E+01      0.35355339E+00      0.35355339E+00      0.70733496E-14      0.35355339E+00      0.17677670E+01      0.71375051E-14      0.70733496E-14      0.71375051E-14     -0.53097824E-14
      0.10108754E+01      0.10108754E+01      0.29335615E+01      0.35355339E+00      0.35355339E+00      0.70663081E-14      0.35355339E+00      0.17677670E+01      0.71445467E-14      0.70663081E-14      0.71445467E-14     -0.53097824E-14
      0.10122607E+01      0.10122607E+01      0.29345615E+01      0.35355339E+00      0.35355339E+00     -0.21287721E-13      0.35355339E+00      0.17677670E+01     -0.21344844E-13     -0.21287721E-13     -0.21344844E-13     -0.81830557E-15
      0.10136498E+01      0.10136498E+01      0.29355615E+01      0.35355339E+00      0.35355339E+00     -0.21260509E-13      0.35355339E+00      0.17677670E+01     -0.21372055E-13     -0.21260509E-13     -0.21372055E-13     -0.81830557E-15
      0.10150427E+01      0.10150427E+01      0.29365615E+01      0.35355339E+00      0.35355339E+00     -0.21230933E-13      0.35355339E+00      0.17677670E+01     -0.21401631E-13     -0.21230933E-13     -0.21401631E-13     -0.81830557E-15
      0.10164393E+01      0.10164393E+01      0.29375615E+01      0.35355339E+00      0.35355339E+00      0.70855056E-14      0.35355339E+00      0.17677670E+01      0.71253491E-14      0.70855056E-14      0.71253491E-14      0.53721773E-14
      0.10178396E+01      0.10178396E+01      0.29385615E+01      0.35355339E+00      0.35355339E+00      0.70731182E-14      0.35355339E+00      0.17677670E+01      0.71377365E-14      0.70731182E-14      0.71377365E-14      0.53721773E-14
      0.10192438E+01      0.10192438E+01      0.29395615E+01      0.35355339E+00      0.35355339E+00      0.70920457E-14      0.35355339E+00      0.17677670E+01      0.71188090E-14      0.70920457E-14      0.71188090E-14      0.81830557E-15
      0.10206517E+01      0.10206517E+01      0.29405615E+01      0.35355339E+00      0.35355339E+00      0.70818616E-14      0.35355339E+00      0.17677670E+01      0.71289931E-14      0.70818616E-14      0.71289931E-14      0.81830557E-15
      0.10220635E+01      0.10220635E+01      0.29415615E+01      0.35355339E+00      0.35355339E+00      0.70740248E-14      0.35355339E+00      0.17677670E+01      0.71368299E-14      0.70740248E-14      0.71368299E-14      0.81830557E-15
      0.10234791E+01      0.10234791E+01      0.29425615E+01      0.35355339E+00      0.35355339E+00     -0.21317276E-13      0.35355339E+00      0.17677670E+01     -0.21315288E-13     -0.21317276E-13     -0.21315288E-13     -0.37355662E-14
      0.10248985E+01      0.10248985E+01      0.29435615E+01      0.35355339E+00      0.35355339E+00     -0.21285930E-13      0.35355339E+00      0.17677670E+01     -0.21346634E-13     -0.21285930E-13     -0.21346634E-13     -0.37355662E-14
      0.10263218E+01      0.10263218E+01      0.29445615E+01      0.35355339E+00      0.35355339E+00     -0.21254591E-13      0.35355339E+00      0.17677670E+01     -0.21377973E-13     -0.21254591E-13     -0.21377973E-13     -0.37355662E-14
      0.10277490E+01      0.10277490E+01      0.29455615E+01      0.35355339E+00      0.35355339E+00      0.70890231E-14      0.35355339E+00      0.17677670E+01      0.71218316E-14      0.70890231E-14      0.71218316E-14      0.34419994E-14
      0.10291801E+01      0.10291801E+01      0.29465615E+01      0.35355339E+00      0.35355339E+00      0.70774936E-14      0.35355339E+00      0.17677670E+01      0.71333611E-14      0.70774936E-14      0.71333611E-14      0.34419994E-14
      0.10306151E+01      0.10306151E+01      0.29475615E+01      0.35355339E+00      0.35355339E+00      0.70757538E-14      0.35355339E+00      0.17677670E+01      0.71351009E-14      0.70757538E-14      0.71351009E-14      0.34419994E-14
      0.10320540E+01      0.10320540E+01      0.29485615E+01      0.35355339E+00      0.35355339E+00      0.71005041E-14      0.35355339E+00      0.17677670E+01      0.71103507E-14      0.71005041E-14      0.71103507E-14      0.13243259E-13
      0.10334969E+01      0.10334969E+01      0.29495615E+01      0.35355339E+00      0.35355339E+00      0.70841841E-14      0.35355339E+00      0.17677670E+01      0.71266706E-14      0.70841841E-14      0.71266706E-14      0.13243259E-13
      0.10349437E+01      0.10349437E+01      0.29505615E+01      0.35355339E+00      0.35355339E+00      0.70678827E-14      0.35355339E+00      0.17677670E+01      0.71429721E-14      0.70678827E-14      0.71429721E-14      0.13243259E-13
      0.10363944E+01      0.10363944E+01      0.29515615E+01      0.35355339E+00      0.35355339E+00     -0.21301502E-13      0.35355339E+00      0.17677670E+01     -0.21331062E-13     -0.21301502E-13     -0.21331062E-13     -0.39043433E-14
      0.10378492E+01      0.10378492E+01      0.29525615E+01      0.35355339E+00      0.35355339E+00     -0.21269762E-13      0.35355339E+00      0.17677670E+01     -0.21362802E-13     -0.21269762E-13     -0.21362802E-13     -0.39043433E-14
      0.10393080E+01      0.10393080E+01      0.29535615E+01      0.35355339E+00      0.35355339E+00     -0.21249035E-13      0.35355339E+00      0.17677670E+01     -0.21383529E-13     -0.21249035E-13     -0.21383529E-13     -0.39043433E-14
      0.10407708E+01      0.10407708E+01      0.29545615E+01      0.35355339E+00      0.35355339E+00      0.70712840E-14      0.35355339E+00      0.17677670E+01      0.71395707E-14      0.70712840E-14      0.71395707E-14     -0.22204219E-13
      0.10422376E+01      0.10422376E+01      0.29555615E+01      0.35355339E+00      0.35355339E+00      0.70719841E-14      0.35355339E+00      0.17677670E+01      0.71388706E-14      0.70719841E-14      0.71388706E-14     -0.22204219E-13
      0.10437085E+01      0.10437085E+01      0.29565615E+01      0.35355339E+00      0.35355339E+00      0.70726548E-14      0.35355339E+00      0.17677670E+01      0.71381999E-14      0.70726548E-14      0.71381999E-14     -0.22204219E-13
      0.10451835E+01      0.10451835E+01      0.29575615E+01      0.35355339E+00      0.35355339E+00      0.70874542E-14      0.35355339E+00      0.17677670E+01      0.71234005E-14      0.70874542E-14      0.71234005E-14     -0.27704772E-14
      0.10466625E+01      0.10466625E+01      0.29585615E+01      0.35355339E+00      0.35355339E+00      0.70787623E-14      0.35355339E+00      0.17677670E+01      0.71320924E-14      0.70787623E-14      0.71320924E-14     -0.27704772E-14
      0.10481457E+01      0.10481457E+01      0.29595615E+01      0.35355339E+00      0.35355339E+00      0.70623235E-14      0.35355339E+00      0.17677670E+01      0.71485312E-14      0.70623235E-14      0.71485312E-14     -0.27704772E-14
      0.10496330E+01      0.10496330E+01      0.29605615E+01      0.35355339E+00      0.35355339E+00     -0.21278836E-13      0.35355339E+00      0.17677670E+01     -0.21353728E-13     -0.21278836E-13     -0.21353728E-13      0.13914781E-13
      0.10511244E+01      0.10511244E+01      0.29615615E+01      0.35355339E+00      0.35355339E+00     -0.21255263E-13      0.35355339E+00      0.17677670E+01     -0.21377301E-13     -0.21255263E-13     -0.21377301E-13      0.13914781E-13
      0.10526199E+01      0.10526199E+01      0.29625615E+01      0.35355339E+00      0.35355339E+00      0.70897478E-14      0.35355339E+00      0.17677670E+01      0.71211069E-14      0.70897478E-14      0.71211069E-14      0.51629990E-14
      0.10541197E+01      0.10541197E+01      0.29635615E+01      0.35355339E+00      0.35355339E+00      0.70772120E-14      0.35355339E+00      0.17677670E+01      0.71336428E-14      0.70772120E-14      0.71336428E-14      0.51629990E-14
      0.10556236E+01      0.10556236E+01      0.29645615E+01      0.35355339E+00      0.35355339E+00      0.70646837E-14      0.35355339E+00      0.17677670E+01      0.71461710E-14      0.70646837E-14      0.71461710E-14      0.51629990E-14
      0.10571318E+01      0.10571318E+01      0.29655615E+01      0.35355339E+00      0.35355339E+00      0.70835819E-14      0.35355339E+00      0.17677670E+01      0.71272728E-14      0.70835819E-14      0.71272728E-14     -0.51006042E-14
      0.10586441E+01      0.10586441E+01      0.29665615E+01      0.35355339E+00      0.35355339E+00      0.70758714E-14      0.35355339E+00      0.17677670E+01      0.71349833E-14      0.70758714E-14      0.71349833E-14     -0.51006042E-14
      0.10601607E+01      0.10601607E+01      0.29675615E+01      0.35355339E+00      0.35355339E+00      0.70681546E-14      0.35355339E+00      0.17677670E+01      0.71427001E-14      0.70681546E-14      0.71427001E-14     -0.51006042E-14
