      0.99852041E+00      0.30990979E-04      0.00000000E+00      0.99852041E+00
      0.99409186E+00      0.24756100E-03      0.00000000E+00      0.99409189E+00
      0.98674489E+00      0.83345848E-03      0.00000000E+00      0.98674525E+00
      0.97653015E+00      0.19687870E-02      0.00000000E+00      0.97653213E+00
      0.96351789E+00      0.38282238E-02      0.00000000E+00      0.96352549E+00
      0.94779742E+00      0.65792872E-02      0.00000000E+00      0.94782025E+00
      0.92947632E+00      0.10380668E-01      0.00000000E+00      0.92953429E+00
      0.90867953E+00      0.15380639E-01      0.00000000E+00      0.90880969E+00
      0.88554823E+00      0.21715562E-01      0.00000000E+00      0.88581445E+00
      0.86023870E+00      0.29508497E-01      0.00000000E+00      0.86074466E+00
      0.83292093E+00      0.38867933E-01      0.00000000E+00      0.83382732E+00
      0.80377719E+00      0.49886651E-01      0.00000000E+00      0.80532381E+00
      0.77300045E+00      0.62640726E-01      0.00000000E+00      0.77553437E+00
      0.74079276E+00      0.77188678E-01      0.00000000E+00      0.74480333E+00
      0.70736351E+00      0.93570790E-01      0.00000000E+00      0.71352549E+00
      0.67292764E+00      0.11180857E+00      0.00000000E+00      0.68215304E+00
      0.63770383E+00      0.13190442E+00      0.00000000E+00      0.65120270E+00
      0.60191264E+00      0.15384142E+00      0.00000000E+00      0.62126162E+00
      0.56577462E+00      0.17758334E+00      0.00000000E+00      0.59298968E+00
      0.52950850E+00      0.20307481E+00      0.00000000E+00      0.56711430E+00
      0.49332929E+00      0.23024163E+00      0.00000000E+00      0.54441252E+00
      0.45744651E+00      0.25899132E+00      0.00000000E+00      0.52567463E+00
      0.42206246E+00      0.28921376E+00      0.00000000E+00      0.51164569E+00
      0.38737047E+00      0.32078202E+00      0.00000000E+00      0.50294829E+00
      0.35355339E+00      0.35355339E+00      0.00000000E+00      0.50000000E+00
      0.32078202E+00      0.38737047E+00      0.00000000E+00      0.50294829E+00
      0.28921376E+00      0.42206246E+00      0.00000000E+00      0.51164569E+00
      0.25899132E+00      0.45744651E+00      0.00000000E+00      0.52567463E+00
      0.23024163E+00      0.49332929E+00      0.00000000E+00      0.54441252E+00
      0.20307481E+00      0.52950850E+00      0.00000000E+00      0.56711430E+00
      0.17758334E+00      0.56577462E+00      0.00000000E+00      0.59298968E+00
      0.15384142E+00      0.60191264E+00      0.00000000E+00      0.62126162E+00
      0.13190442E+00      0.63770383E+00      0.00000000E+00      0.65120270E+00
      0.11180857E+00      0.67292764E+00      0.00000000E+00      0.68215304E+00
      0.93570790E-01      0.70736351E+00      0.00000000E+00      0.71352549E+00
      0.77188678E-01      0.74079276E+00      0.00000000E+00      0.74480333E+00
      0.62640726E-01      0.77300045E+00      0.00000000E+00      0.77553437E+00
      0.49886651E-01      0.80377719E+00      0.00000000E+00      0.80532381E+00
      0.38867933E-01      0.83292093E+00      0.00000000E+00      0.83382732E+00
      0.29508497E-01      0.86023870E+00      0.00000000E+00      0.86074466E+00
      0.21715562E-01      0.88554823E+00      0.00000000E+00      0.88581445E+00
      0.15380639E-01      0.90867953E+00      0.00000000E+00      0.90880969E+00
      0.10380668E-01      0.92947632E+00      0.00000000E+00      0.92953429E+00
      0.65792872E-02      0.94779742E+00      0.00000000E+00      0.94782025E+00
      0.38282238E-02      0.96351789E+00      0.00000000E+00      0.96352549E+00
      0.19687870E-02      0.97653015E+00      0.00000000E+00      0.97653213E+00
      0.83345848E-03      0.98674489E+00      0.00000000E+00      0.98674525E+00
      0.24756100E-03      0.99409186E+00      0.00000000E+00      0.99409189E+00
      0.30990979E-04      0.99852041E+00      0.00000000E+00      0.99852041E+00
     -0.41586992E-47      0.10000000E+01      0.00000000E+00      0.10000000E+01
     -0.30990979E-04      0.99852041E+00      0.00000000E+00      0.99852041E+00
     -0.24756100E-03      0.99409186E+00      0.00000000E+00      0.99409189E+00
     -0.83345848E-03      0.98674489E+00      0.00000000E+00      0.98674525E+00
     -0.19687870E-02      0.97653015E+00      0.00000000E+00      0.97653213E+00
     -0.38282238E-02      0.96351789E+00      0.00000000E+00      0.96352549E+00
     -0.65792872E-02      0.94779742E+00      0.00000000E+00      0.94782025E+00
     -0.10380668E-01      0.92947632E+00      0.00000000E+00      0.92953429E+00
     -0.15380639E-01      0.90867953E+00      0.00000000E+00      0.90880969E+00
     -0.21715562E-01      0.88554823E+00      0.00000000E+00      0.88581445E+00
     -0.29508497E-01      0.86023870E+00      0.00000000E+00      0.86074466E+00
     -0.38867933E-01      0.83292093E+00      0.00000000E+00      0.83382732E+00
     -0.49886651E-01      0.80377719E+00      0.00000000E+00      0.80532381E+00
     -0.62640726E-01      0.77300045E+00      0.00000000E+00      0.77553437E+00
     -0.77188678E-01      0.74079276E+00      0.00000000E+00      0.74480333E+00
     -0.93570790E-01      0.70736351E+00      0.00000000E+00      0.71352549E+00
     -0.11180857E+00      0.67292764E+00      0.00000000E+00      0.68215304E+00
     -0.13190442E+00      0.63770383E+00      0.00000000E+00      0.65120270E+00
     -0.15384142E+00      0.60191264E+00      0.00000000E+00      0.62126162E+00
     -0.17758334E+00      0.56577462E+00      0.00000000E+00      0.59298968E+00
     -0.20307481E+00      0.52950850E+00      0.00000000E+00      0.56711430E+00
     -0.23024163E+00      0.49332929E+00      0.00000000E+00      0.54441252E+00
     -0.25899132E+00      0.45744651E+00      0.00000000E+00      0.52567463E+00
     -0.28921376E+00      0.42206246E+00      0.00000000E+00      0.51164569E+00
     -0.32078202E+00      0.38737047E+00      0.00000000E+00      0.50294829E+00
     -0.35355339E+00      0.35355339E+00      0.00000000E+00      0.50000000E+00
     -0.38737047E+00      0.32078202E+00      0.00000000E+00      0.50294829E+00
     -0.42206246E+00      0.28921376E+00      0.00000000E+00      0.51164569E+00
     -0.45744651E+00      0.25899132E+00      0.00000000E+00      0.52567463E+00
     -0.49332929E+00      0.23024163E+00      0.00000000E+00      0.54441252E+00
     -0.52950850E+00      0.20307481E+00      0.00000000E+00      0.56711430E+00
     -0.56577462E+00      0.17758334E+00      0.00000000E+00      0.59298968E+00
     -0.60191264E+00      0.15384142E+00      0.00000000E+00      0.62126162E+00
     -0.63770383E+00      0.13190442E+00      0.00000000E+00      0.65120270E+00
     -0.67292764E+00      0.11180857E+00      0.00000000E+00      0.68215304E+00
     -0.70736351E+00      0.93570790E-01      0.00000000E+00      0.71352549E+00
     -0.74079276E+00      0.77188678E-01      0.00000000E+00      0.74480333E+00
     -0.77300045E+00      0.62640726E-01      0.00000000E+00      0.77553437E+00
     -0.80377719E+00      0.49886651E-01      0.00000000E+00      0.80532381E+00
     -0.83292093E+00      0.38867933E-01      0.00000000E+00      0.83382732E+00
     -0.86023870E+00      0.29508497E-01      0.00000000E+00      0.86074466E+00
     -0.88554823E+00      0.21715562E-01      0.00000000E+00      0.88581445E+00
     -0.90867953E+00      0.15380639E-01      0.00000000E+00      0.90880969E+00
     -0.92947632E+00      0.10380668E-01      0.00000000E+00      0.92953429E+00
     -0.94779742E+00      0.65792872E-02      0.00000000E+00      0.94782025E+00
     -0.96351789E+00      0.38282238E-02      0.00000000E+00      0.96352549E+00
     -0.97653015E+00      0.19687870E-02      0.00000000E+00      0.97653213E+00
     -0.98674489E+00      0.83345848E-03      0.00000000E+00      0.98674525E+00
     -0.99409186E+00      0.24756100E-03      0.00000000E+00      0.99409189E+00
     -0.99852041E+00      0.30990979E-04      0.00000000E+00      0.99852041E+00
     -0.10000000E+01     -0.33269593E-46      0.00000000E+00      0.10000000E+01
