 2193    1    2      0.00000000E+00      0.10000000E+01      0.10000000E+01      0.00000000E+00      0.00000000E+00      0.00000000E+00
 2194    1    2      0.00000000E+00      0.10000000E+01      0.10000000E+01      0.39788266E+00      0.39788266E+00      0.10000000E+01
 2195    1    2      0.00000000E+00      0.10000000E+01      0.10000000E+01      0.39846622E+00      0.39846622E+00      0.10000000E+01
 2196    1    2      0.00000000E+00      0.10000000E+01      0.10000000E+01      0.39905106E+00      0.39905106E+00      0.10000000E+01
 2197    1    2      0.00000000E+00      0.10000000E+01      0.10000000E+01      0.39963718E+00      0.39963718E+00      0.10000000E+01
 2198    1    2      0.00000000E+00      0.10000000E+01      0.10000000E+01      0.40022458E+00      0.40022458E+00      0.10000000E+01
 2199    1    2      0.00000000E+00      0.10000000E+01      0.10000000E+01      0.40081327E+00      0.40081327E+00      0.10000000E+01
 2200    1    2      0.00000000E+00      0.10000000E+01      0.10000000E+01      0.40140324E+00      0.40140324E+00      0.10000000E+01
 2201    1    2      0.00000000E+00      0.10000000E+01      0.10000000E+01      0.40199451E+00      0.40199451E+00      0.10000000E+01
 2202    1    2      0.00000000E+00      0.10000000E+01      0.10000000E+01      0.40258708E+00      0.40258708E+00      0.10000000E+01
 2203    1    2      0.00000000E+00      0.10000000E+01      0.10000000E+01      0.40318095E+00      0.40318095E+00      0.10000000E+01
 2204    1    2      0.00000000E+00      0.10000000E+01      0.10000000E+01      0.40377612E+00      0.40377612E+00      0.10000000E+01
 2205    1    2      0.00000000E+00      0.10000000E+01      0.10000000E+01      0.40437261E+00      0.40437261E+00      0.10000000E+01
 2206    1    2      0.00000000E+00      0.10000000E+01      0.10000000E+01      0.40497040E+00      0.40497040E+00      0.10000000E+01
 2207    1    2      0.00000000E+00      0.10000000E+01      0.10000000E+01      0.40556951E+00      0.40556951E+00      0.10000000E+01
 2208    1    2      0.00000000E+00      0.10000000E+01      0.10000000E+01      0.40616995E+00      0.40616995E+00      0.10000000E+01
 2209    1    2      0.00000000E+00      0.10000000E+01      0.10000000E+01      0.40677170E+00      0.40677170E+00      0.10000000E+01
 2210    1    2      0.00000000E+00      0.10000000E+01      0.10000000E+01      0.40737479E+00      0.40737479E+00      0.10000000E+01
 2211    1    2      0.00000000E+00      0.10000000E+01      0.10000000E+01      0.40797920E+00      0.40797920E+00      0.10000000E+01
 2212    1    2      0.00000000E+00      0.10000000E+01      0.10000000E+01      0.40858495E+00      0.40858495E+00      0.10000000E+01
 2213    1    2      0.00000000E+00      0.10000000E+01      0.10000000E+01      0.40919205E+00      0.40919205E+00      0.10000000E+01
 2214    1    2      0.00000000E+00      0.10000000E+01      0.10000000E+01      0.40980048E+00      0.40980048E+00      0.10000000E+01
 2215    1    2      0.00000000E+00      0.10000000E+01      0.10000000E+01      0.41041026E+00      0.41041026E+00      0.10000000E+01
 2216    1    2      0.00000000E+00      0.10000000E+01      0.10000000E+01      0.41102140E+00      0.41102140E+00      0.10000000E+01
 2217    1    2      0.00000000E+00      0.10000000E+01      0.10000000E+01      0.41163389E+00      0.41163389E+00      0.10000000E+01
 2218    1    2      0.00000000E+00      0.10000000E+01      0.10000000E+01      0.41224774E+00      0.41224774E+00      0.10000000E+01
 2219    1    2      0.00000000E+00      0.10000000E+01      0.10000000E+01      0.41286295E+00      0.41286295E+00      0.10000000E+01
 2220    1    2      0.00000000E+00      0.10000000E+01      0.10000000E+01      0.41347953E+00      0.41347953E+00      0.10000000E+01
 2221    1    2      0.00000000E+00      0.10000000E+01      0.10000000E+01      0.41409748E+00      0.41409748E+00      0.10000000E+01
 2222    1    2      0.00000000E+00      0.10000000E+01      0.10000000E+01      0.41471681E+00      0.41471681E+00      0.10000000E+01
 2223    1    2      0.00000000E+00      0.10000000E+01      0.10000000E+01      0.41533752E+00      0.41533752E+00      0.10000000E+01
 2224    1    2      0.00000000E+00      0.10000000E+01      0.10000000E+01      0.41595961E+00      0.41595961E+00      0.10000000E+01
 2225    1    2      0.00000000E+00      0.10000000E+01      0.10000000E+01      0.41658309E+00      0.41658309E+00      0.10000000E+01
 2226    1    2      0.00000000E+00      0.10000000E+01      0.10000000E+01      0.41720796E+00      0.41720796E+00      0.10000000E+01
 2227    1    2      0.00000000E+00      0.10000000E+01      0.10000000E+01      0.41783423E+00      0.41783423E+00      0.10000000E+01
 2228    1    2      0.00000000E+00      0.10000000E+01      0.10000000E+01      0.41846190E+00      0.41846190E+00      0.10000000E+01
 2229    1    2      0.00000000E+00      0.10000000E+01      0.10000000E+01      0.41909097E+00      0.41909097E+00      0.10000000E+01
 2230    1    2      0.00000000E+00      0.10000000E+01      0.10000000E+01      0.41972145E+00      0.41972145E+00      0.10000000E+01
 2231    1    2      0.00000000E+00      0.10000000E+01      0.10000000E+01      0.42035334E+00      0.42035334E+00      0.10000000E+01
 2232    1    2      0.00000000E+00      0.10000000E+01      0.10000000E+01      0.42098665E+00      0.42098665E+00      0.10000000E+01
 2233    1    2      0.00000000E+00      0.10000000E+01      0.10000000E+01      0.42162138E+00      0.42162138E+00      0.10000000E+01
 2234    1    2      0.00000000E+00      0.10000000E+01      0.10000000E+01      0.42225754E+00      0.42225754E+00      0.10000000E+01
 2235    1    2      0.00000000E+00      0.10000000E+01      0.10000000E+01      0.42289512E+00      0.42289512E+00      0.10000000E+01
 2236    1    2      0.00000000E+00      0.10000000E+01      0.10000000E+01      0.42353415E+00      0.42353415E+00      0.10000000E+01
 2237    1    2      0.00000000E+00      0.10000000E+01      0.10000000E+01      0.42417460E+00      0.42417460E+00      0.10000000E+01
 2238    1    2      0.00000000E+00      0.10000000E+01      0.10000000E+01      0.42481650E+00      0.42481650E+00      0.10000000E+01
 2239    1    2      0.00000000E+00      0.10000000E+01      0.10000000E+01      0.42545985E+00      0.42545985E+00      0.10000000E+01
 2240    1    2      0.00000000E+00      0.10000000E+01      0.10000000E+01      0.42610465E+00      0.42610465E+00      0.10000000E+01
 2241    1    2      0.00000000E+00      0.10000000E+01      0.10000000E+01      0.42675090E+00      0.42675090E+00      0.10000000E+01
 2242    1    2      0.00000000E+00      0.10000000E+01      0.10000000E+01      0.42739862E+00      0.42739862E+00      0.10000000E+01
 2243    1    2      0.00000000E+00      0.10000000E+01      0.10000000E+01      0.42804780E+00      0.42804780E+00      0.10000000E+01
 2244    1    2      0.00000000E+00      0.10000000E+01      0.10000000E+01      0.42869844E+00      0.42869844E+00      0.10000000E+01
 2245    1    2      0.00000000E+00      0.10000000E+01      0.10000000E+01      0.42935056E+00      0.42935056E+00      0.10000000E+01
 2246    1    2      0.00000000E+00      0.10000000E+01      0.10000000E+01      0.43000416E+00      0.43000416E+00      0.10000000E+01
 2247    1    2      0.00000000E+00      0.10000000E+01      0.10000000E+01      0.43065924E+00      0.43065924E+00      0.10000000E+01
 2248    1    2      0.00000000E+00      0.10000000E+01      0.10000000E+01      0.43131580E+00      0.43131580E+00      0.10000000E+01
 2249    1    2      0.00000000E+00      0.10000000E+01      0.10000000E+01      0.43197386E+00      0.43197386E+00      0.10000000E+01
 2250    1    2      0.00000000E+00      0.10000000E+01      0.10000000E+01      0.43263341E+00      0.43263341E+00      0.10000000E+01
 2251    1    2      0.00000000E+00      0.10000000E+01      0.10000000E+01      0.43329446E+00      0.43329446E+00      0.10000000E+01
 2252    1    2      0.00000000E+00      0.10000000E+01      0.10000000E+01      0.43395702E+00      0.43395702E+00      0.10000000E+01
 2253    1    2      0.00000000E+00      0.10000000E+01      0.10000000E+01      0.43462108E+00      0.43462108E+00      0.10000000E+01
 2254    1    2      0.00000000E+00      0.10000000E+01      0.10000000E+01      0.43528666E+00      0.43528666E+00      0.10000000E+01
 2255    1    2      0.00000000E+00      0.10000000E+01      0.10000000E+01      0.43595375E+00      0.43595375E+00      0.10000000E+01
 2256    1    2      0.00000000E+00      0.10000000E+01      0.10000000E+01      0.43662237E+00      0.43662237E+00      0.10000000E+01
 2257    1    2      0.00000000E+00      0.10000000E+01      0.10000000E+01      0.43729252E+00      0.43729252E+00      0.10000000E+01
 2258    1    2      0.00000000E+00      0.10000000E+01      0.10000000E+01      0.43796419E+00      0.43796419E+00      0.10000000E+01
 2259    1    2      0.00000000E+00      0.10000000E+01      0.10000000E+01      0.43863741E+00      0.43863741E+00      0.10000000E+01
 2260    1    2      0.00000000E+00      0.10000000E+01      0.10000000E+01      0.43931216E+00      0.43931216E+00      0.10000000E+01
 2261    1    2      0.00000000E+00      0.10000000E+01      0.10000000E+01      0.43998846E+00      0.43998846E+00      0.10000000E+01
 2262    1    2      0.00000000E+00      0.10000000E+01      0.10000000E+01      0.44066631E+00      0.44066631E+00      0.10000000E+01
 2263    1    2      0.00000000E+00      0.10000000E+01      0.10000000E+01      0.44134572E+00      0.44134572E+00      0.10000000E+01
 2264    1    2      0.00000000E+00      0.10000000E+01      0.10000000E+01      0.44202669E+00      0.44202669E+00      0.10000000E+01
 2265    1    2      0.00000000E+00      0.10000000E+01      0.10000000E+01      0.44270922E+00      0.44270922E+00      0.10000000E+01
 2266    1    2      0.00000000E+00      0.10000000E+01      0.10000000E+01      0.44339332E+00      0.44339332E+00      0.10000000E+01
 2267    1    2      0.00000000E+00      0.10000000E+01      0.10000000E+01      0.44407899E+00      0.44407899E+00      0.10000000E+01
 2268    1    2      0.00000000E+00      0.10000000E+01      0.10000000E+01      0.44476624E+00      0.44476624E+00      0.10000000E+01
 2269    1    2      0.00000000E+00      0.10000000E+01      0.10000000E+01      0.44545508E+00      0.44545508E+00      0.10000000E+01
 2270    1    2      0.00000000E+00      0.10000000E+01      0.10000000E+01      0.44614551E+00      0.44614551E+00      0.10000000E+01
 2271    1    2      0.00000000E+00      0.10000000E+01      0.10000000E+01      0.44683753E+00      0.44683753E+00      0.10000000E+01
 2272    1    2      0.00000000E+00      0.10000000E+01      0.10000000E+01      0.44753114E+00      0.44753114E+00      0.10000000E+01
 2273    1    2      0.00000000E+00      0.10000000E+01      0.10000000E+01      0.44822637E+00      0.44822637E+00      0.10000000E+01
 2274    1    2      0.00000000E+00      0.10000000E+01      0.10000000E+01      0.44892319E+00      0.44892319E+00      0.10000000E+01
 2275    1    2      0.00000000E+00      0.10000000E+01      0.10000000E+01      0.44962164E+00      0.44962164E+00      0.10000000E+01
 2276    1    2      0.00000000E+00      0.10000000E+01      0.10000000E+01      0.45032170E+00      0.45032170E+00      0.10000000E+01
 2277    1    2      0.00000000E+00      0.10000000E+01      0.10000000E+01      0.45102338E+00      0.45102338E+00      0.10000000E+01
 2278    1    2      0.00000000E+00      0.10000000E+01      0.10000000E+01      0.45172669E+00      0.45172669E+00      0.10000000E+01
 2279    1    2      0.00000000E+00      0.10000000E+01      0.10000000E+01      0.45243164E+00      0.45243164E+00      0.10000000E+01
 2280    1    2      0.00000000E+00      0.10000000E+01      0.10000000E+01      0.45313822E+00      0.45313822E+00      0.10000000E+01
 2281    1    2      0.00000000E+00      0.10000000E+01      0.10000000E+01      0.45384645E+00      0.45384645E+00      0.10000000E+01
 2282    1    2      0.00000000E+00      0.10000000E+01      0.10000000E+01      0.45455632E+00      0.45455632E+00      0.10000000E+01
 2283    1    2      0.00000000E+00      0.10000000E+01      0.10000000E+01      0.45526785E+00      0.45526785E+00      0.10000000E+01
 2284    1    2      0.00000000E+00      0.10000000E+01      0.10000000E+01      0.45598104E+00      0.45598104E+00      0.10000000E+01
 2285    1    2      0.00000000E+00      0.10000000E+01      0.10000000E+01      0.45669589E+00      0.45669589E+00      0.10000000E+01
 2286    1    2      0.00000000E+00      0.10000000E+01      0.10000000E+01      0.45741241E+00      0.45741241E+00      0.10000000E+01
 2287    1    2      0.00000000E+00      0.10000000E+01      0.10000000E+01      0.45813060E+00      0.45813060E+00      0.10000000E+01
 2288    1    2      0.00000000E+00      0.10000000E+01      0.10000000E+01      0.45885047E+00      0.45885047E+00      0.10000000E+01
 2289    1    2      0.00000000E+00      0.10000000E+01      0.10000000E+01      0.45957203E+00      0.45957203E+00      0.10000000E+01
 2290    1    2      0.00000000E+00      0.10000000E+01      0.10000000E+01      0.46029528E+00      0.46029528E+00      0.10000000E+01
 2291    1    2      0.00000000E+00      0.10000000E+01      0.10000000E+01      0.46102022E+00      0.46102022E+00      0.10000000E+01
 2292    1    2      0.00000000E+00      0.10000000E+01      0.10000000E+01      0.46174686E+00      0.46174686E+00      0.10000000E+01
 2293    1    2      0.00000000E+00      0.10000000E+01      0.10000000E+01      0.46247520E+00      0.46247520E+00      0.10000000E+01
 2294    1    2      0.00000000E+00      0.10000000E+01      0.10000000E+01      0.46320526E+00      0.46320526E+00      0.10000000E+01
 2295    1    2      0.00000000E+00      0.10000000E+01      0.10000000E+01      0.46393703E+00      0.46393703E+00      0.10000000E+01
 2296    1    2      0.00000000E+00      0.10000000E+01      0.10000000E+01      0.46467053E+00      0.46467053E+00      0.10000000E+01
 2297    1    2      0.00000000E+00      0.10000000E+01      0.10000000E+01      0.46540575E+00      0.46540575E+00      0.10000000E+01
 2298    1    2      0.00000000E+00      0.10000000E+01      0.10000000E+01      0.46614270E+00      0.46614270E+00      0.10000000E+01
 2299    1    2      0.00000000E+00      0.10000000E+01      0.10000000E+01      0.46688139E+00      0.46688139E+00      0.10000000E+01
 2300    1    2      0.00000000E+00      0.10000000E+01      0.10000000E+01      0.46762182E+00      0.46762182E+00      0.10000000E+01
 2301    1    2      0.00000000E+00      0.10000000E+01      0.10000000E+01      0.46836401E+00      0.46836401E+00      0.10000000E+01
 2302    1    2      0.00000000E+00      0.10000000E+01      0.10000000E+01      0.46910794E+00      0.46910794E+00      0.10000000E+01
 2303    1    2      0.00000000E+00      0.10000000E+01      0.10000000E+01      0.46985364E+00      0.46985364E+00      0.10000000E+01
 2304    1    2      0.00000000E+00      0.10000000E+01      0.10000000E+01      0.47060110E+00      0.47060110E+00      0.10000000E+01
 2305    1    2      0.00000000E+00      0.10000000E+01      0.10000000E+01      0.47135033E+00      0.47135033E+00      0.10000000E+01
 2306    1    2      0.00000000E+00      0.10000000E+01      0.10000000E+01      0.47210133E+00      0.47210133E+00      0.10000000E+01
 2307    1    2      0.00000000E+00      0.10000000E+01      0.10000000E+01      0.47285412E+00      0.47285412E+00      0.10000000E+01
 2308    1    2      0.00000000E+00      0.10000000E+01      0.10000000E+01      0.47360869E+00      0.47360869E+00      0.10000000E+01
 2309    1    2      0.00000000E+00      0.10000000E+01      0.10000000E+01      0.47436506E+00      0.47436506E+00      0.10000000E+01
 2310    1    2      0.00000000E+00      0.10000000E+01      0.10000000E+01      0.47512323E+00      0.47512323E+00      0.10000000E+01
 2311    1    2      0.00000000E+00      0.10000000E+01      0.10000000E+01      0.47588320E+00      0.47588320E+00      0.10000000E+01
 2312    1    2      0.00000000E+00      0.10000000E+01      0.10000000E+01      0.47664498E+00      0.47664498E+00      0.10000000E+01
 2313    1    2      0.00000000E+00      0.10000000E+01      0.10000000E+01      0.47740857E+00      0.47740857E+00      0.10000000E+01
 2314    1    2      0.00000000E+00      0.10000000E+01      0.10000000E+01      0.47817399E+00      0.47817399E+00      0.10000000E+01
 2315    1    2      0.00000000E+00      0.10000000E+01      0.10000000E+01      0.47894123E+00      0.47894123E+00      0.10000000E+01
 2316    1    2      0.00000000E+00      0.10000000E+01      0.10000000E+01      0.47971031E+00      0.47971031E+00      0.10000000E+01
 2317    1    2      0.00000000E+00      0.10000000E+01      0.10000000E+01      0.48048123E+00      0.48048123E+00      0.10000000E+01
 2318    1    2      0.00000000E+00      0.10000000E+01      0.10000000E+01      0.48125399E+00      0.48125399E+00      0.10000000E+01
 2319    1    2      0.00000000E+00      0.10000000E+01      0.10000000E+01      0.48202860E+00      0.48202860E+00      0.10000000E+01
 2320    1    2      0.00000000E+00      0.10000000E+01      0.10000000E+01      0.48280506E+00      0.48280506E+00      0.10000000E+01
 2321    1    2      0.00000000E+00      0.10000000E+01      0.10000000E+01      0.48358339E+00      0.48358339E+00      0.10000000E+01
 2322    1    2      0.00000000E+00      0.10000000E+01      0.10000000E+01      0.48436359E+00      0.48436359E+00      0.10000000E+01
 2323    1    2      0.00000000E+00      0.10000000E+01      0.10000000E+01      0.48514566E+00      0.48514566E+00      0.10000000E+01
 2324    1    2      0.00000000E+00      0.10000000E+01      0.10000000E+01      0.48592961E+00      0.48592961E+00      0.10000000E+01
 2325    1    2      0.00000000E+00      0.10000000E+01      0.10000000E+01      0.48671544E+00      0.48671544E+00      0.10000000E+01
 2326    1    2      0.00000000E+00      0.10000000E+01      0.10000000E+01      0.48750317E+00      0.48750317E+00      0.10000000E+01
 2327    1    2      0.00000000E+00      0.10000000E+01      0.10000000E+01      0.48829280E+00      0.48829280E+00      0.10000000E+01
 2328    1    2      0.00000000E+00      0.10000000E+01      0.10000000E+01      0.48908433E+00      0.48908433E+00      0.10000000E+01
 2329    1    2      0.00000000E+00      0.10000000E+01      0.10000000E+01      0.48987777E+00      0.48987777E+00      0.10000000E+01
 2330    1    2      0.00000000E+00      0.10000000E+01      0.10000000E+01      0.49067312E+00      0.49067312E+00      0.10000000E+01
 2331    1    2      0.00000000E+00      0.10000000E+01      0.10000000E+01      0.49147040E+00      0.49147040E+00      0.10000000E+01
 2332    1    2      0.00000000E+00      0.10000000E+01      0.10000000E+01      0.49226961E+00      0.49226961E+00      0.10000000E+01
 2333    1    2      0.00000000E+00      0.10000000E+01      0.10000000E+01      0.49307075E+00      0.49307075E+00      0.10000000E+01
 2334    1    2      0.00000000E+00      0.10000000E+01      0.10000000E+01      0.49387383E+00      0.49387383E+00      0.10000000E+01
 2335    1    2      0.00000000E+00      0.10000000E+01      0.10000000E+01      0.49467886E+00      0.49467886E+00      0.10000000E+01
 2336    1    2      0.00000000E+00      0.10000000E+01      0.10000000E+01      0.49548585E+00      0.49548585E+00      0.10000000E+01
 2337    1    2      0.00000000E+00      0.10000000E+01      0.10000000E+01      0.49629479E+00      0.49629479E+00      0.10000000E+01
 2338    1    2      0.00000000E+00      0.10000000E+01      0.10000000E+01      0.49710570E+00      0.49710570E+00      0.10000000E+01
 2339    1    2      0.00000000E+00      0.10000000E+01      0.10000000E+01      0.49791858E+00      0.49791858E+00      0.10000000E+01
 2340    1    2      0.00000000E+00      0.10000000E+01      0.10000000E+01      0.49873344E+00      0.49873344E+00      0.10000000E+01
 2341    1    2      0.00000000E+00      0.10000000E+01      0.10000000E+01      0.49955029E+00      0.49955029E+00      0.10000000E+01
 2342    1    2      0.00000000E+00      0.10000000E+01      0.10000000E+01      0.50036912E+00      0.50036912E+00      0.10000000E+01
 2343    1    2      0.00000000E+00      0.10000000E+01      0.10000000E+01      0.50118996E+00      0.50118996E+00      0.10000000E+01
 2344    1    2      0.00000000E+00      0.10000000E+01      0.10000000E+01      0.50201280E+00      0.50201280E+00      0.10000000E+01
 2345    1    2      0.00000000E+00      0.10000000E+01      0.10000000E+01      0.50283765E+00      0.50283765E+00      0.10000000E+01
 2346    1    2      0.00000000E+00      0.10000000E+01      0.10000000E+01      0.50366452E+00      0.50366452E+00      0.10000000E+01
 2347    1    2      0.00000000E+00      0.10000000E+01      0.10000000E+01      0.50449341E+00      0.50449341E+00      0.10000000E+01
 2348    1    2      0.00000000E+00      0.10000000E+01      0.10000000E+01      0.50532433E+00      0.50532433E+00      0.10000000E+01
 2349    1    2      0.00000000E+00      0.10000000E+01      0.10000000E+01      0.50615729E+00      0.50615729E+00      0.10000000E+01
 2350    1    2      0.00000000E+00      0.10000000E+01      0.10000000E+01      0.50699229E+00      0.50699229E+00      0.10000000E+01
 2351    1    2      0.00000000E+00      0.10000000E+01      0.10000000E+01      0.50782935E+00      0.50782935E+00      0.10000000E+01
 2352    1    2      0.00000000E+00      0.10000000E+01      0.10000000E+01      0.50866846E+00      0.50866846E+00      0.10000000E+01
 2353    1    2      0.00000000E+00      0.10000000E+01      0.10000000E+01      0.50950963E+00      0.50950963E+00      0.10000000E+01
 2354    1    2      0.00000000E+00      0.10000000E+01      0.10000000E+01      0.51035287E+00      0.51035287E+00      0.10000000E+01
 2355    1    2      0.00000000E+00      0.10000000E+01      0.10000000E+01      0.51119820E+00      0.51119820E+00      0.10000000E+01
 2356    1    2      0.00000000E+00      0.10000000E+01      0.10000000E+01      0.51204560E+00      0.51204560E+00      0.10000000E+01
 2357    1    2      0.00000000E+00      0.10000000E+01      0.10000000E+01      0.51289510E+00      0.51289510E+00      0.10000000E+01
 2358    1    2      0.00000000E+00      0.10000000E+01      0.10000000E+01      0.51374670E+00      0.51374670E+00      0.10000000E+01
 2359    1    2      0.00000000E+00      0.10000000E+01      0.10000000E+01      0.51460039E+00      0.51460039E+00      0.10000000E+01
 2360    1    2      0.00000000E+00      0.10000000E+01      0.10000000E+01      0.51545621E+00      0.51545621E+00      0.10000000E+01
 2361    1    2      0.00000000E+00      0.10000000E+01      0.10000000E+01      0.51631414E+00      0.51631414E+00      0.10000000E+01
 2362    1    2      0.00000000E+00      0.10000000E+01      0.10000000E+01      0.51717419E+00      0.51717419E+00      0.10000000E+01
 2363    1    2      0.00000000E+00      0.10000000E+01      0.10000000E+01      0.51803638E+00      0.51803638E+00      0.10000000E+01
 2364    1    2      0.00000000E+00      0.10000000E+01      0.10000000E+01      0.51890070E+00      0.51890070E+00      0.10000000E+01
 2365    1    2      0.00000000E+00      0.10000000E+01      0.10000000E+01      0.51976718E+00      0.51976718E+00      0.10000000E+01
 2366    1    2      0.00000000E+00      0.10000000E+01      0.10000000E+01      0.52063580E+00      0.52063580E+00      0.10000000E+01
 2367    1    2      0.00000000E+00      0.10000000E+01      0.10000000E+01      0.52150659E+00      0.52150659E+00      0.10000000E+01
 2368    1    2      0.00000000E+00      0.10000000E+01      0.10000000E+01      0.52237954E+00      0.52237954E+00      0.10000000E+01
 2369    1    2      0.00000000E+00      0.10000000E+01      0.10000000E+01      0.52325467E+00      0.52325467E+00      0.10000000E+01
 2370    1    2      0.00000000E+00      0.10000000E+01      0.10000000E+01      0.52413199E+00      0.52413199E+00      0.10000000E+01
 2371    1    2      0.00000000E+00      0.10000000E+01      0.10000000E+01      0.52501149E+00      0.52501149E+00      0.10000000E+01
 2372    1    2      0.00000000E+00      0.10000000E+01      0.10000000E+01      0.52589318E+00      0.52589318E+00      0.10000000E+01
 2373    1    2      0.00000000E+00      0.10000000E+01      0.10000000E+01      0.52677708E+00      0.52677708E+00      0.10000000E+01
 2374    1    2      0.00000000E+00      0.10000000E+01      0.10000000E+01      0.52766320E+00      0.52766320E+00      0.10000000E+01
 2375    1    2      0.00000000E+00      0.10000000E+01      0.10000000E+01      0.52855153E+00      0.52855153E+00      0.10000000E+01
 2376    1    2      0.00000000E+00      0.10000000E+01      0.10000000E+01      0.52944208E+00      0.52944208E+00      0.10000000E+01
 2377    1    2      0.00000000E+00      0.10000000E+01      0.10000000E+01      0.53033487E+00      0.53033487E+00      0.10000000E+01
 2378    1    2      0.00000000E+00      0.10000000E+01      0.10000000E+01      0.53122990E+00      0.53122990E+00      0.10000000E+01
 2379    1    2      0.00000000E+00      0.10000000E+01      0.10000000E+01      0.53212718E+00      0.53212718E+00      0.10000000E+01
 2380    1    2      0.00000000E+00      0.10000000E+01      0.10000000E+01      0.53302671E+00      0.53302671E+00      0.10000000E+01
 2381    1    2      0.00000000E+00      0.10000000E+01      0.10000000E+01      0.53392851E+00      0.53392851E+00      0.10000000E+01
 2382    1    2      0.00000000E+00      0.10000000E+01      0.10000000E+01      0.53483258E+00      0.53483258E+00      0.10000000E+01
 2383    1    2      0.00000000E+00      0.10000000E+01      0.10000000E+01      0.53573892E+00      0.53573892E+00      0.10000000E+01
 2384    1    2      0.00000000E+00      0.10000000E+01      0.10000000E+01      0.53664756E+00      0.53664756E+00      0.10000000E+01
 2385    1    2      0.00000000E+00      0.10000000E+01      0.10000000E+01      0.53755848E+00      0.53755848E+00      0.10000000E+01
 2386    1    2      0.00000000E+00      0.10000000E+01      0.10000000E+01      0.53847171E+00      0.53847171E+00      0.10000000E+01
 2387    1    2      0.00000000E+00      0.10000000E+01      0.10000000E+01      0.53938724E+00      0.53938724E+00      0.10000000E+01
 2388    1    2      0.00000000E+00      0.10000000E+01      0.10000000E+01      0.54030509E+00      0.54030509E+00      0.10000000E+01
 2389    1    2      0.00000000E+00      0.10000000E+01      0.10000000E+01      0.54122527E+00      0.54122527E+00      0.10000000E+01
 2390    1    2      0.00000000E+00      0.10000000E+01      0.10000000E+01      0.54214777E+00      0.54214777E+00      0.10000000E+01
 2391    1    2      0.00000000E+00      0.10000000E+01      0.10000000E+01      0.54307262E+00      0.54307262E+00      0.10000000E+01
 2392    1    2      0.00000000E+00      0.10000000E+01      0.10000000E+01      0.54399982E+00      0.54399982E+00      0.10000000E+01
 2393    1    2      0.00000000E+00      0.10000000E+01      0.10000000E+01      0.54492937E+00      0.54492937E+00      0.10000000E+01
 2394    1    2      0.00000000E+00      0.10000000E+01      0.10000000E+01      0.54586128E+00      0.54586128E+00      0.10000000E+01
 2395    1    2      0.00000000E+00      0.10000000E+01      0.10000000E+01      0.54679557E+00      0.54679557E+00      0.10000000E+01
 2396    1    2      0.00000000E+00      0.10000000E+01      0.10000000E+01      0.54773224E+00      0.54773224E+00      0.10000000E+01
 2397    1    2      0.00000000E+00      0.10000000E+01      0.10000000E+01      0.54867129E+00      0.54867129E+00      0.10000000E+01
 2398    1    2      0.00000000E+00      0.10000000E+01      0.10000000E+01      0.54961274E+00      0.54961274E+00      0.10000000E+01
 2399    1    2      0.00000000E+00      0.10000000E+01      0.10000000E+01      0.55055659E+00      0.55055659E+00      0.10000000E+01
 2400    1    2      0.00000000E+00      0.10000000E+01      0.10000000E+01      0.55150286E+00      0.55150286E+00      0.10000000E+01
 2401    1    2      0.00000000E+00      0.10000000E+01      0.10000000E+01      0.55245154E+00      0.55245154E+00      0.10000000E+01
 2402    1    2      0.00000000E+00      0.10000000E+01      0.10000000E+01      0.55340266E+00      0.55340266E+00      0.10000000E+01
 2403    1    2      0.00000000E+00      0.10000000E+01      0.10000000E+01      0.55435621E+00      0.55435621E+00      0.10000000E+01
 2404    1    2      0.00000000E+00      0.10000000E+01      0.10000000E+01      0.55531221E+00      0.55531221E+00      0.10000000E+01
 2405    1    2      0.00000000E+00      0.10000000E+01      0.10000000E+01      0.55627065E+00      0.55627065E+00      0.10000000E+01
 2406    1    2      0.00000000E+00      0.10000000E+01      0.10000000E+01      0.55723156E+00      0.55723156E+00      0.10000000E+01
 2407    1    2      0.00000000E+00      0.10000000E+01      0.10000000E+01      0.55819494E+00      0.55819494E+00      0.10000000E+01
 2408    1    2      0.00000000E+00      0.10000000E+01      0.10000000E+01      0.55916080E+00      0.55916080E+00      0.10000000E+01
 2409    1    2      0.00000000E+00      0.10000000E+01      0.10000000E+01      0.56012915E+00      0.56012915E+00      0.10000000E+01
 2410    1    2      0.00000000E+00      0.10000000E+01      0.10000000E+01      0.56109999E+00      0.56109999E+00      0.10000000E+01
 2411    1    2      0.00000000E+00      0.10000000E+01      0.10000000E+01      0.56207333E+00      0.56207333E+00      0.10000000E+01
 2412    1    2      0.00000000E+00      0.10000000E+01      0.10000000E+01      0.56304919E+00      0.56304919E+00      0.10000000E+01
 2413    1    2      0.00000000E+00      0.10000000E+01      0.10000000E+01      0.56402757E+00      0.56402757E+00      0.10000000E+01
 2414    1    2      0.00000000E+00      0.10000000E+01      0.10000000E+01      0.56500848E+00      0.56500848E+00      0.10000000E+01
 2415    1    2      0.00000000E+00      0.10000000E+01      0.10000000E+01      0.56599192E+00      0.56599192E+00      0.10000000E+01
 2416    1    2      0.00000000E+00      0.10000000E+01      0.10000000E+01      0.56697791E+00      0.56697791E+00      0.10000000E+01
 2417    1    2      0.00000000E+00      0.10000000E+01      0.10000000E+01      0.56796646E+00      0.56796646E+00      0.10000000E+01
 2418    1    2      0.00000000E+00      0.10000000E+01      0.10000000E+01      0.56895758E+00      0.56895758E+00      0.10000000E+01
 2419    1    2      0.00000000E+00      0.10000000E+01      0.10000000E+01      0.56995126E+00      0.56995126E+00      0.10000000E+01
 2420    1    2      0.00000000E+00      0.10000000E+01      0.10000000E+01      0.57094753E+00      0.57094753E+00      0.10000000E+01
 2421    1    2      0.00000000E+00      0.10000000E+01      0.10000000E+01      0.57194639E+00      0.57194639E+00      0.10000000E+01
 2422    1    2      0.00000000E+00      0.10000000E+01      0.10000000E+01      0.57294785E+00      0.57294785E+00      0.10000000E+01
 2423    1    2      0.00000000E+00      0.10000000E+01      0.10000000E+01      0.57395192E+00      0.57395192E+00      0.10000000E+01
 2424    1    2      0.00000000E+00      0.10000000E+01      0.10000000E+01      0.57495860E+00      0.57495860E+00      0.10000000E+01
 2425    1    2      0.00000000E+00      0.10000000E+01      0.10000000E+01      0.57596792E+00      0.57596792E+00      0.10000000E+01
 2426    1    2      0.00000000E+00      0.10000000E+01      0.10000000E+01      0.57697987E+00      0.57697987E+00      0.10000000E+01
 2427    1    2      0.00000000E+00      0.10000000E+01      0.10000000E+01      0.57799446E+00      0.57799446E+00      0.10000000E+01
 2428    1    2      0.00000000E+00      0.10000000E+01      0.10000000E+01      0.57901171E+00      0.57901171E+00      0.10000000E+01
 2429    1    2      0.00000000E+00      0.10000000E+01      0.10000000E+01      0.58003163E+00      0.58003163E+00      0.10000000E+01
 2430    1    2      0.00000000E+00      0.10000000E+01      0.10000000E+01      0.58105421E+00      0.58105421E+00      0.10000000E+01
 2431    1    2      0.00000000E+00      0.10000000E+01      0.10000000E+01      0.58207948E+00      0.58207948E+00      0.10000000E+01
 2432    1    2      0.00000000E+00      0.10000000E+01      0.10000000E+01      0.58310744E+00      0.58310744E+00      0.10000000E+01
 2433    1    2      0.00000000E+00      0.10000000E+01      0.10000000E+01      0.58413810E+00      0.58413810E+00      0.10000000E+01
 2434    1    2      0.00000000E+00      0.10000000E+01      0.10000000E+01      0.58517147E+00      0.58517147E+00      0.10000000E+01
 2435    1    2      0.00000000E+00      0.10000000E+01      0.10000000E+01      0.58620756E+00      0.58620756E+00      0.10000000E+01
 2436    1    2      0.00000000E+00      0.10000000E+01      0.10000000E+01      0.58724638E+00      0.58724638E+00      0.10000000E+01
 2437    1    2      0.00000000E+00      0.10000000E+01      0.10000000E+01      0.58828794E+00      0.58828794E+00      0.10000000E+01
 2438    1    2      0.00000000E+00      0.10000000E+01      0.10000000E+01      0.58933225E+00      0.58933225E+00      0.10000000E+01
 2439    1    2      0.00000000E+00      0.10000000E+01      0.10000000E+01      0.59037931E+00      0.59037931E+00      0.10000000E+01
 2440    1    2      0.00000000E+00      0.10000000E+01      0.10000000E+01      0.59142914E+00      0.59142914E+00      0.10000000E+01
 2441    1    2      0.00000000E+00      0.10000000E+01      0.10000000E+01      0.59248175E+00      0.59248175E+00      0.10000000E+01
 2442    1    2      0.00000000E+00      0.10000000E+01      0.10000000E+01      0.59353715E+00      0.59353715E+00      0.10000000E+01
 2443    1    2      0.00000000E+00      0.10000000E+01      0.10000000E+01      0.59459534E+00      0.59459534E+00      0.10000000E+01
 2444    1    2      0.00000000E+00      0.10000000E+01      0.10000000E+01      0.59565634E+00      0.59565634E+00      0.10000000E+01
 2445    1    2      0.00000000E+00      0.10000000E+01      0.10000000E+01      0.59672016E+00      0.59672016E+00      0.10000000E+01
 2446    1    2      0.00000000E+00      0.10000000E+01      0.10000000E+01      0.59778680E+00      0.59778680E+00      0.10000000E+01
 2447    1    2      0.00000000E+00      0.10000000E+01      0.10000000E+01      0.59885628E+00      0.59885628E+00      0.10000000E+01
 2448    1    2      0.00000000E+00      0.10000000E+01      0.10000000E+01      0.59992861E+00      0.59992861E+00      0.10000000E+01
 2449    1    2      0.00000000E+00      0.10000000E+01      0.10000000E+01      0.60100379E+00      0.60100379E+00      0.10000000E+01
 2450    1    2      0.00000000E+00      0.10000000E+01      0.10000000E+01      0.60208184E+00      0.60208184E+00      0.10000000E+01
 2451    1    2      0.00000000E+00      0.10000000E+01      0.10000000E+01      0.60316277E+00      0.60316277E+00      0.10000000E+01
 2452    1    2      0.00000000E+00      0.10000000E+01      0.10000000E+01      0.60424658E+00      0.60424658E+00      0.10000000E+01
 2453    1    2      0.00000000E+00      0.10000000E+01      0.10000000E+01      0.60533329E+00      0.60533329E+00      0.10000000E+01
 2454    1    2      0.00000000E+00      0.10000000E+01      0.10000000E+01      0.60642290E+00      0.60642290E+00      0.10000000E+01
 2455    1    2      0.00000000E+00      0.10000000E+01      0.10000000E+01      0.60751544E+00      0.60751544E+00      0.10000000E+01
 2456    1    2      0.00000000E+00      0.10000000E+01      0.10000000E+01      0.60861090E+00      0.60861090E+00      0.10000000E+01
 2457    1    2      0.00000000E+00      0.10000000E+01      0.10000000E+01      0.60970930E+00      0.60970930E+00      0.10000000E+01
 2458    1    2      0.00000000E+00      0.10000000E+01      0.10000000E+01      0.61081065E+00      0.61081065E+00      0.10000000E+01
 2459    1    2      0.00000000E+00      0.10000000E+01      0.10000000E+01      0.61191496E+00      0.61191496E+00      0.10000000E+01
 2460    1    2      0.00000000E+00      0.10000000E+01      0.10000000E+01      0.61302223E+00      0.61302223E+00      0.10000000E+01
 2461    1    2      0.00000000E+00      0.10000000E+01      0.10000000E+01      0.61413249E+00      0.61413249E+00      0.10000000E+01
 2462    1    2      0.00000000E+00      0.10000000E+01      0.10000000E+01      0.61524574E+00      0.61524574E+00      0.10000000E+01
 2463    1    2      0.00000000E+00      0.10000000E+01      0.10000000E+01      0.61636199E+00      0.61636199E+00      0.10000000E+01
 2464    1    2      0.00000000E+00      0.10000000E+01      0.10000000E+01      0.61748126E+00      0.61748126E+00      0.10000000E+01
 2465    1    2      0.00000000E+00      0.10000000E+01      0.10000000E+01      0.61860354E+00      0.61860354E+00      0.10000000E+01
 2466    1    2      0.00000000E+00      0.10000000E+01      0.10000000E+01      0.61972886E+00      0.61972886E+00      0.10000000E+01
 2467    1    2      0.00000000E+00      0.10000000E+01      0.10000000E+01      0.62085723E+00      0.62085723E+00      0.10000000E+01
 2468    1    2      0.00000000E+00      0.10000000E+01      0.10000000E+01      0.62198865E+00      0.62198865E+00      0.10000000E+01
 2469    1    2      0.00000000E+00      0.10000000E+01      0.10000000E+01      0.62312314E+00      0.62312314E+00      0.10000000E+01
 2470    1    2      0.00000000E+00      0.10000000E+01      0.10000000E+01      0.62426071E+00      0.62426071E+00      0.10000000E+01
 2471    1    2      0.00000000E+00      0.10000000E+01      0.10000000E+01      0.62540136E+00      0.62540136E+00      0.10000000E+01
 2472    1    2      0.00000000E+00      0.10000000E+01      0.10000000E+01      0.62654512E+00      0.62654512E+00      0.10000000E+01
 2473    1    2      0.00000000E+00      0.10000000E+01      0.10000000E+01      0.62769198E+00      0.62769198E+00      0.10000000E+01
 2474    1    2      0.00000000E+00      0.10000000E+01      0.10000000E+01      0.62884197E+00      0.62884197E+00      0.10000000E+01
 2475    1    2      0.00000000E+00      0.10000000E+01      0.10000000E+01      0.62999509E+00      0.62999509E+00      0.10000000E+01
 2476    1    2      0.00000000E+00      0.10000000E+01      0.10000000E+01      0.63115136E+00      0.63115136E+00      0.10000000E+01
 2477    1    2      0.00000000E+00      0.10000000E+01      0.10000000E+01      0.63231078E+00      0.63231078E+00      0.10000000E+01
 2478    1    2      0.00000000E+00      0.10000000E+01      0.10000000E+01      0.63347338E+00      0.63347338E+00      0.10000000E+01
 2479    1    2      0.00000000E+00      0.10000000E+01      0.10000000E+01      0.63463915E+00      0.63463915E+00      0.10000000E+01
 2480    1    2      0.00000000E+00      0.10000000E+01      0.10000000E+01      0.63580811E+00      0.63580811E+00      0.10000000E+01
 2481    1    2      0.00000000E+00      0.10000000E+01      0.10000000E+01      0.63698027E+00      0.63698027E+00      0.10000000E+01
 2482    1    2      0.00000000E+00      0.10000000E+01      0.10000000E+01      0.63815565E+00      0.63815565E+00      0.10000000E+01
 2483    1    2      0.00000000E+00      0.10000000E+01      0.10000000E+01      0.63933425E+00      0.63933425E+00      0.10000000E+01
 2484    1    2      0.00000000E+00      0.10000000E+01      0.10000000E+01      0.64051609E+00      0.64051609E+00      0.10000000E+01
 2485    1    2      0.00000000E+00      0.10000000E+01      0.10000000E+01      0.64170118E+00      0.64170118E+00      0.10000000E+01
 2486    1    2      0.00000000E+00      0.10000000E+01      0.10000000E+01      0.64288953E+00      0.64288953E+00      0.10000000E+01
 2487    1    2      0.00000000E+00      0.10000000E+01      0.10000000E+01      0.64408116E+00      0.64408116E+00      0.10000000E+01
 2488    1    2      0.00000000E+00      0.10000000E+01      0.10000000E+01      0.64527607E+00      0.64527607E+00      0.10000000E+01
 2489    1    2      0.00000000E+00      0.10000000E+01      0.10000000E+01      0.64647427E+00      0.64647427E+00      0.10000000E+01
 2490    1    2      0.00000000E+00      0.10000000E+01      0.10000000E+01      0.64767578E+00      0.64767578E+00      0.10000000E+01
 2491    1    2      0.00000000E+00      0.10000000E+01      0.10000000E+01      0.64888062E+00      0.64888062E+00      0.10000000E+01
 2492    1    2      0.00000000E+00      0.10000000E+01      0.10000000E+01      0.65008879E+00      0.65008879E+00      0.10000000E+01
 2493    1    2      0.00000000E+00      0.10000000E+01      0.10000000E+01      0.65130030E+00      0.65130030E+00      0.10000000E+01
 2494    1    2      0.00000000E+00      0.10000000E+01      0.10000000E+01      0.65251517E+00      0.65251517E+00      0.10000000E+01
 2495    1    2      0.00000000E+00      0.10000000E+01      0.10000000E+01      0.65373341E+00      0.65373341E+00      0.10000000E+01
 2496    1    2      0.00000000E+00      0.10000000E+01      0.10000000E+01      0.65495504E+00      0.65495504E+00      0.10000000E+01
 2497    1    2      0.00000000E+00      0.10000000E+01      0.10000000E+01      0.65618006E+00      0.65618006E+00      0.10000000E+01
 2498    1    2      0.00000000E+00      0.10000000E+01      0.10000000E+01      0.65740848E+00      0.65740848E+00      0.10000000E+01
 2499    1    2      0.00000000E+00      0.10000000E+01      0.10000000E+01      0.65864033E+00      0.65864033E+00      0.10000000E+01
 2500    1    2      0.00000000E+00      0.10000000E+01      0.10000000E+01      0.65987561E+00      0.65987561E+00      0.10000000E+01
 2501    1    2      0.00000000E+00      0.10000000E+01      0.10000000E+01      0.66111433E+00      0.66111433E+00      0.10000000E+01
 2502    1    2      0.00000000E+00      0.10000000E+01      0.10000000E+01      0.66235651E+00      0.66235651E+00      0.10000000E+01
 2503    1    2      0.00000000E+00      0.10000000E+01      0.10000000E+01      0.66360216E+00      0.66360216E+00      0.10000000E+01
 2504    1    2      0.00000000E+00      0.10000000E+01      0.10000000E+01      0.66485130E+00      0.66485130E+00      0.10000000E+01
 2505    1    2      0.00000000E+00      0.10000000E+01      0.10000000E+01      0.66610393E+00      0.66610393E+00      0.10000000E+01
 2506    1    2      0.00000000E+00      0.10000000E+01      0.10000000E+01      0.66736007E+00      0.66736007E+00      0.10000000E+01
 2507    1    2      0.00000000E+00      0.10000000E+01      0.10000000E+01      0.66861974E+00      0.66861974E+00      0.10000000E+01
 2508    1    2      0.00000000E+00      0.10000000E+01      0.10000000E+01      0.66988294E+00      0.66988294E+00      0.10000000E+01
 2509    1    2      0.00000000E+00      0.10000000E+01      0.10000000E+01      0.67114969E+00      0.67114969E+00      0.10000000E+01
 2510    1    2      0.00000000E+00      0.10000000E+01      0.10000000E+01      0.67242000E+00      0.67242000E+00      0.10000000E+01
 2511    1    2      0.00000000E+00      0.10000000E+01      0.10000000E+01      0.67369388E+00      0.67369388E+00      0.10000000E+01
 2512    1    2      0.00000000E+00      0.10000000E+01      0.10000000E+01      0.67497135E+00      0.67497135E+00      0.10000000E+01
 2513    1    2      0.00000000E+00      0.10000000E+01      0.10000000E+01      0.67625243E+00      0.67625243E+00      0.10000000E+01
 2514    1    2      0.00000000E+00      0.10000000E+01      0.10000000E+01      0.67753712E+00      0.67753712E+00      0.10000000E+01
 2515    1    2      0.00000000E+00      0.10000000E+01      0.10000000E+01      0.67882544E+00      0.67882544E+00      0.10000000E+01
 2516    1    2      0.00000000E+00      0.10000000E+01      0.10000000E+01      0.68011740E+00      0.68011740E+00      0.10000000E+01
 2517    1    2      0.00000000E+00      0.10000000E+01      0.10000000E+01      0.68141302E+00      0.68141302E+00      0.10000000E+01
 2518    1    2      0.00000000E+00      0.10000000E+01      0.10000000E+01      0.68271231E+00      0.68271231E+00      0.10000000E+01
 2519    1    2      0.00000000E+00      0.10000000E+01      0.10000000E+01      0.68401528E+00      0.68401528E+00      0.10000000E+01
 2520    1    2      0.00000000E+00      0.10000000E+01      0.10000000E+01      0.68532195E+00      0.68532195E+00      0.10000000E+01
 2521    1    2      0.00000000E+00      0.10000000E+01      0.10000000E+01      0.68663233E+00      0.68663233E+00      0.10000000E+01
 2522    1    2      0.00000000E+00      0.10000000E+01      0.10000000E+01      0.68794644E+00      0.68794644E+00      0.10000000E+01
 2523    1    2      0.00000000E+00      0.10000000E+01      0.10000000E+01      0.68926428E+00      0.68926428E+00      0.10000000E+01
 2524    1    2      0.00000000E+00      0.10000000E+01      0.10000000E+01      0.69058588E+00      0.69058588E+00      0.10000000E+01
 2525    1    2      0.00000000E+00      0.10000000E+01      0.10000000E+01      0.69191125E+00      0.69191125E+00      0.10000000E+01
 2526    1    2      0.00000000E+00      0.10000000E+01      0.10000000E+01      0.69324040E+00      0.69324040E+00      0.10000000E+01
 2527    1    2      0.00000000E+00      0.10000000E+01      0.10000000E+01      0.69457334E+00      0.69457334E+00      0.10000000E+01
 2528    1    2      0.00000000E+00      0.10000000E+01      0.10000000E+01      0.69591010E+00      0.69591010E+00      0.10000000E+01
 2529    1    2      0.00000000E+00      0.10000000E+01      0.10000000E+01      0.69725068E+00      0.69725068E+00      0.10000000E+01
 2530    1    2      0.00000000E+00      0.10000000E+01      0.10000000E+01      0.69859510E+00      0.69859510E+00      0.10000000E+01
 2531    1    2      0.00000000E+00      0.10000000E+01      0.10000000E+01      0.69994337E+00      0.69994337E+00      0.10000000E+01
 2532    1    2      0.00000000E+00      0.10000000E+01      0.10000000E+01      0.70129551E+00      0.70129551E+00      0.10000000E+01
 2533    1    2      0.00000000E+00      0.10000000E+01      0.10000000E+01      0.70265154E+00      0.70265154E+00      0.10000000E+01
 2534    1    2      0.00000000E+00      0.10000000E+01      0.10000000E+01      0.70401146E+00      0.70401146E+00      0.10000000E+01
 2535    1    2      0.00000000E+00      0.10000000E+01      0.10000000E+01      0.70537530E+00      0.70537530E+00      0.10000000E+01
 2536    1    2      0.00000000E+00      0.10000000E+01      0.10000000E+01      0.70674306E+00      0.70674306E+00      0.10000000E+01
 2537    1    2      0.00000000E+00      0.10000000E+01      0.10000000E+01      0.70811477E+00      0.70811477E+00      0.10000000E+01
 2538    1    2      0.00000000E+00      0.10000000E+01      0.10000000E+01      0.70949044E+00      0.70949044E+00      0.10000000E+01
 2539    1    2      0.00000000E+00      0.10000000E+01      0.10000000E+01      0.71087007E+00      0.71087007E+00      0.10000000E+01
 2540    1    2      0.00000000E+00      0.10000000E+01      0.10000000E+01      0.71225370E+00      0.71225370E+00      0.10000000E+01
 2541    1    2      0.00000000E+00      0.10000000E+01      0.10000000E+01      0.71364133E+00      0.71364133E+00      0.10000000E+01
 2542    1    2      0.00000000E+00      0.10000000E+01      0.10000000E+01      0.71503298E+00      0.71503298E+00      0.10000000E+01
 2543    1    2      0.00000000E+00      0.10000000E+01      0.10000000E+01      0.71642866E+00      0.71642866E+00      0.10000000E+01
 2544    1    2      0.00000000E+00      0.10000000E+01      0.10000000E+01      0.71782840E+00      0.71782840E+00      0.10000000E+01
 2545    1    2      0.00000000E+00      0.10000000E+01      0.10000000E+01      0.71923220E+00      0.71923220E+00      0.10000000E+01
 2546    1    2      0.00000000E+00      0.10000000E+01      0.10000000E+01      0.72064008E+00      0.72064008E+00      0.10000000E+01
 2547    1    2      0.00000000E+00      0.10000000E+01      0.10000000E+01      0.72205205E+00      0.72205205E+00      0.10000000E+01
 2548    1    2      0.00000000E+00      0.10000000E+01      0.10000000E+01      0.72346814E+00      0.72346814E+00      0.10000000E+01
 2549    1    2      0.00000000E+00      0.10000000E+01      0.10000000E+01      0.72488836E+00      0.72488836E+00      0.10000000E+01
 2550    1    2      0.00000000E+00      0.10000000E+01      0.10000000E+01      0.72631272E+00      0.72631272E+00      0.10000000E+01
 2551    1    2      0.00000000E+00      0.10000000E+01      0.10000000E+01      0.72774124E+00      0.72774124E+00      0.10000000E+01
 2552    1    2      0.00000000E+00      0.10000000E+01      0.10000000E+01      0.72917394E+00      0.72917394E+00      0.10000000E+01
 2553    1    2      0.00000000E+00      0.10000000E+01      0.10000000E+01      0.73061083E+00      0.73061083E+00      0.10000000E+01
 2554    1    2      0.00000000E+00      0.10000000E+01      0.10000000E+01      0.73205193E+00      0.73205193E+00      0.10000000E+01
 2555    1    2      0.00000000E+00      0.10000000E+01      0.10000000E+01      0.73349726E+00      0.73349726E+00      0.10000000E+01
 2556    1    2      0.00000000E+00      0.10000000E+01      0.10000000E+01      0.73494683E+00      0.73494683E+00      0.10000000E+01
 2557    1    2      0.00000000E+00      0.10000000E+01      0.10000000E+01      0.73640065E+00      0.73640065E+00      0.10000000E+01
 2558    1    2      0.00000000E+00      0.10000000E+01      0.10000000E+01      0.73785875E+00      0.73785875E+00      0.10000000E+01
 2559    1    2      0.00000000E+00      0.10000000E+01      0.10000000E+01      0.73932115E+00      0.73932115E+00      0.10000000E+01
 2560    1    2      0.00000000E+00      0.10000000E+01      0.10000000E+01      0.74078785E+00      0.74078785E+00      0.10000000E+01
 2561    1    2      0.00000000E+00      0.10000000E+01      0.10000000E+01      0.74225887E+00      0.74225887E+00      0.10000000E+01
 2562    1    2      0.00000000E+00      0.10000000E+01      0.10000000E+01      0.74373424E+00      0.74373424E+00      0.10000000E+01
 2563    1    2      0.00000000E+00      0.10000000E+01      0.10000000E+01      0.74521396E+00      0.74521396E+00      0.10000000E+01
 2564    1    2      0.00000000E+00      0.10000000E+01      0.10000000E+01      0.74669806E+00      0.74669806E+00      0.10000000E+01
 2565    1    2      0.00000000E+00      0.10000000E+01      0.10000000E+01      0.74818656E+00      0.74818656E+00      0.10000000E+01
 2566    1    2      0.00000000E+00      0.10000000E+01      0.10000000E+01      0.74967946E+00      0.74967946E+00      0.10000000E+01
 2567    1    2      0.00000000E+00      0.10000000E+01      0.10000000E+01      0.75117679E+00      0.75117679E+00      0.10000000E+01
 2568    1    2      0.00000000E+00      0.10000000E+01      0.10000000E+01      0.75267857E+00      0.75267857E+00      0.10000000E+01
 2569    1    2      0.00000000E+00      0.10000000E+01      0.10000000E+01      0.75418481E+00      0.75418481E+00      0.10000000E+01
 2570    1    2      0.00000000E+00      0.10000000E+01      0.10000000E+01      0.75569553E+00      0.75569553E+00      0.10000000E+01
 2571    1    2      0.00000000E+00      0.10000000E+01      0.10000000E+01      0.75721075E+00      0.75721075E+00      0.10000000E+01
 2572    1    2      0.00000000E+00      0.10000000E+01      0.10000000E+01      0.75873048E+00      0.75873048E+00      0.10000000E+01
 2573    1    2      0.00000000E+00      0.10000000E+01      0.10000000E+01      0.76025474E+00      0.76025474E+00      0.10000000E+01
 2574    1    2      0.00000000E+00      0.10000000E+01      0.10000000E+01      0.76178356E+00      0.76178356E+00      0.10000000E+01
 2575    1    2      0.00000000E+00      0.10000000E+01      0.10000000E+01      0.76331695E+00      0.76331695E+00      0.10000000E+01
 2576    1    2      0.00000000E+00      0.10000000E+01      0.10000000E+01      0.76485492E+00      0.76485492E+00      0.10000000E+01
 2577    1    2      0.00000000E+00      0.10000000E+01      0.10000000E+01      0.76639750E+00      0.76639750E+00      0.10000000E+01
 2578    1    2      0.00000000E+00      0.10000000E+01      0.10000000E+01      0.76794470E+00      0.76794470E+00      0.10000000E+01
 2579    1    2      0.00000000E+00      0.10000000E+01      0.10000000E+01      0.76949655E+00      0.76949655E+00      0.10000000E+01
 2580    1    2      0.00000000E+00      0.10000000E+01      0.10000000E+01      0.77105305E+00      0.77105305E+00      0.10000000E+01
 2581    1    2      0.00000000E+00      0.10000000E+01      0.10000000E+01      0.77261423E+00      0.77261423E+00      0.10000000E+01
 2582    1    2      0.00000000E+00      0.10000000E+01      0.10000000E+01      0.77418011E+00      0.77418011E+00      0.10000000E+01
 2583    1    2      0.00000000E+00      0.10000000E+01      0.10000000E+01      0.77575071E+00      0.77575071E+00      0.10000000E+01
 2584    1    2      0.00000000E+00      0.10000000E+01      0.10000000E+01      0.77732605E+00      0.77732605E+00      0.10000000E+01
 2585    1    2      0.00000000E+00      0.10000000E+01      0.10000000E+01      0.77890613E+00      0.77890613E+00      0.10000000E+01
 2586    1    2      0.00000000E+00      0.10000000E+01      0.10000000E+01      0.78049099E+00      0.78049099E+00      0.10000000E+01
 2587    1    2      0.00000000E+00      0.10000000E+01      0.10000000E+01      0.78208064E+00      0.78208064E+00      0.10000000E+01
 2588    1    2      0.00000000E+00      0.10000000E+01      0.10000000E+01      0.78367511E+00      0.78367511E+00      0.10000000E+01
 2589    1    2      0.00000000E+00      0.10000000E+01      0.10000000E+01      0.78527440E+00      0.78527440E+00      0.10000000E+01
 2590    1    2      0.00000000E+00      0.10000000E+01      0.10000000E+01      0.78687855E+00      0.78687855E+00      0.10000000E+01
 2591    1    2      0.00000000E+00      0.10000000E+01      0.10000000E+01      0.78848756E+00      0.78848756E+00      0.10000000E+01
 2592    1    2      0.00000000E+00      0.10000000E+01      0.10000000E+01      0.79010146E+00      0.79010146E+00      0.10000000E+01
 2593    1    2      0.00000000E+00      0.10000000E+01      0.10000000E+01      0.79172027E+00      0.79172027E+00      0.10000000E+01
 2594    1    2      0.00000000E+00      0.10000000E+01      0.10000000E+01      0.79334401E+00      0.79334401E+00      0.10000000E+01
 2595    1    2      0.00000000E+00      0.10000000E+01      0.10000000E+01      0.79497270E+00      0.79497270E+00      0.10000000E+01
 2596    1    2      0.00000000E+00      0.10000000E+01      0.10000000E+01      0.79660636E+00      0.79660636E+00      0.10000000E+01
 2597    1    2      0.00000000E+00      0.10000000E+01      0.10000000E+01      0.79824501E+00      0.79824501E+00      0.10000000E+01
 2598    1    2      0.00000000E+00      0.10000000E+01      0.10000000E+01      0.79988866E+00      0.79988866E+00      0.10000000E+01
 2599    1    2      0.00000000E+00      0.10000000E+01      0.10000000E+01      0.80153734E+00      0.80153734E+00      0.10000000E+01
 2600    1    2      0.00000000E+00      0.10000000E+01      0.10000000E+01      0.80319108E+00      0.80319108E+00      0.10000000E+01
 2601    1    2      0.00000000E+00      0.10000000E+01      0.10000000E+01      0.80484988E+00      0.80484988E+00      0.10000000E+01
 2602    1    2      0.00000000E+00      0.10000000E+01      0.10000000E+01      0.80651377E+00      0.80651377E+00      0.10000000E+01
 2603    1    2      0.00000000E+00      0.10000000E+01      0.10000000E+01      0.80818278E+00      0.80818278E+00      0.10000000E+01
 2604    1    2      0.00000000E+00      0.10000000E+01      0.10000000E+01      0.80985691E+00      0.80985691E+00      0.10000000E+01
 2605    1    2      0.00000000E+00      0.10000000E+01      0.10000000E+01      0.81153620E+00      0.81153620E+00      0.10000000E+01
 2606    1    2      0.00000000E+00      0.10000000E+01      0.10000000E+01      0.81322066E+00      0.81322066E+00      0.10000000E+01
 2607    1    2      0.00000000E+00      0.10000000E+01      0.10000000E+01      0.81491032E+00      0.81491032E+00      0.10000000E+01
 2608    1    2      0.00000000E+00      0.10000000E+01      0.10000000E+01      0.81660519E+00      0.81660519E+00      0.10000000E+01
 2609    1    2      0.00000000E+00      0.10000000E+01      0.10000000E+01      0.81830530E+00      0.81830530E+00      0.10000000E+01
 2610    1    2      0.00000000E+00      0.10000000E+01      0.10000000E+01      0.82001067E+00      0.82001067E+00      0.10000000E+01
 2611    1    2      0.00000000E+00      0.10000000E+01      0.10000000E+01      0.82172132E+00      0.82172132E+00      0.10000000E+01
 2612    1    2      0.00000000E+00      0.10000000E+01      0.10000000E+01      0.82343728E+00      0.82343728E+00      0.10000000E+01
 2613    1    2      0.00000000E+00      0.10000000E+01      0.10000000E+01      0.82515855E+00      0.82515855E+00      0.10000000E+01
 2614    1    2      0.00000000E+00      0.10000000E+01      0.10000000E+01      0.82688517E+00      0.82688517E+00      0.10000000E+01
 2615    1    2      0.00000000E+00      0.10000000E+01      0.10000000E+01      0.82861716E+00      0.82861716E+00      0.10000000E+01
 2616    1    2      0.00000000E+00      0.10000000E+01      0.10000000E+01      0.83035454E+00      0.83035454E+00      0.10000000E+01
 2617    1    2      0.00000000E+00      0.10000000E+01      0.10000000E+01      0.83209733E+00      0.83209733E+00      0.10000000E+01
 2618    1    2      0.00000000E+00      0.10000000E+01      0.10000000E+01      0.83384556E+00      0.83384556E+00      0.10000000E+01
 2619    1    2      0.00000000E+00      0.10000000E+01      0.10000000E+01      0.83559924E+00      0.83559924E+00      0.10000000E+01
 2620    1    2      0.00000000E+00      0.10000000E+01      0.10000000E+01      0.83735840E+00      0.83735840E+00      0.10000000E+01
 2621    1    2      0.00000000E+00      0.10000000E+01      0.10000000E+01      0.83912307E+00      0.83912307E+00      0.10000000E+01
 2622    1    2      0.00000000E+00      0.10000000E+01      0.10000000E+01      0.84089326E+00      0.84089326E+00      0.10000000E+01
 2623    1    2      0.00000000E+00      0.10000000E+01      0.10000000E+01      0.84266899E+00      0.84266899E+00      0.10000000E+01
 2624    1    2      0.00000000E+00      0.10000000E+01      0.10000000E+01      0.84445030E+00      0.84445030E+00      0.10000000E+01
 2625    1    2      0.00000000E+00      0.10000000E+01      0.10000000E+01      0.84623720E+00      0.84623720E+00      0.10000000E+01
 2626    1    2      0.00000000E+00      0.10000000E+01      0.10000000E+01      0.84802972E+00      0.84802972E+00      0.10000000E+01
 2627    1    2      0.00000000E+00      0.10000000E+01      0.10000000E+01      0.84982788E+00      0.84982788E+00      0.10000000E+01
 2628    1    2      0.00000000E+00      0.10000000E+01      0.10000000E+01      0.85163170E+00      0.85163170E+00      0.10000000E+01
 2629    1    2      0.00000000E+00      0.10000000E+01      0.10000000E+01      0.85344121E+00      0.85344121E+00      0.10000000E+01
 2630    1    2      0.00000000E+00      0.10000000E+01      0.10000000E+01      0.85525643E+00      0.85525643E+00      0.10000000E+01
 2631    1    2      0.00000000E+00      0.10000000E+01      0.10000000E+01      0.85707739E+00      0.85707739E+00      0.10000000E+01
 2632    1    2      0.00000000E+00      0.10000000E+01      0.10000000E+01      0.85890411E+00      0.85890411E+00      0.10000000E+01
 2633    1    2      0.00000000E+00      0.10000000E+01      0.10000000E+01      0.86073661E+00      0.86073661E+00      0.10000000E+01
 2634    1    2      0.00000000E+00      0.10000000E+01      0.10000000E+01      0.86257491E+00      0.86257491E+00      0.10000000E+01
 2635    1    2      0.00000000E+00      0.10000000E+01      0.10000000E+01      0.86441905E+00      0.86441905E+00      0.10000000E+01
 2636    1    2      0.00000000E+00      0.10000000E+01      0.10000000E+01      0.86626905E+00      0.86626905E+00      0.10000000E+01
 2637    1    2      0.00000000E+00      0.10000000E+01      0.10000000E+01      0.86812493E+00      0.86812493E+00      0.10000000E+01
 2638    1    2      0.00000000E+00      0.10000000E+01      0.10000000E+01      0.86998671E+00      0.86998671E+00      0.10000000E+01
 2639    1    2      0.00000000E+00      0.10000000E+01      0.10000000E+01      0.87185442E+00      0.87185442E+00      0.10000000E+01
 2640    1    2      0.00000000E+00      0.10000000E+01      0.10000000E+01      0.87372809E+00      0.87372809E+00      0.10000000E+01
 2641    1    2      0.00000000E+00      0.10000000E+01      0.10000000E+01      0.87560775E+00      0.87560775E+00      0.10000000E+01
 2642    1    2      0.00000000E+00      0.10000000E+01      0.10000000E+01      0.87749340E+00      0.87749340E+00      0.10000000E+01
 2643    1    2      0.00000000E+00      0.10000000E+01      0.10000000E+01      0.87938509E+00      0.87938509E+00      0.10000000E+01
 2644    1    2      0.00000000E+00      0.10000000E+01      0.10000000E+01      0.88128284E+00      0.88128284E+00      0.10000000E+01
 2645    1    2      0.00000000E+00      0.10000000E+01      0.10000000E+01      0.88318667E+00      0.88318667E+00      0.10000000E+01
 2646    1    2      0.00000000E+00      0.10000000E+01      0.10000000E+01      0.88509660E+00      0.88509660E+00      0.10000000E+01
 2647    1    2      0.00000000E+00      0.10000000E+01      0.10000000E+01      0.88701267E+00      0.88701267E+00      0.10000000E+01
 2648    1    2      0.00000000E+00      0.10000000E+01      0.10000000E+01      0.88893491E+00      0.88893491E+00      0.10000000E+01
 2649    1    2      0.00000000E+00      0.10000000E+01      0.10000000E+01      0.89086333E+00      0.89086333E+00      0.10000000E+01
 2650    1    2      0.00000000E+00      0.10000000E+01      0.10000000E+01      0.89279796E+00      0.89279796E+00      0.10000000E+01
