      0.79627428E+00      0.79627428E+00      0.27375615E+01      0.16891528E+01      0.56305094E+00      0.42963788E-16      0.56305094E+00      0.16891528E+01      0.42963788E-16      0.00000000E+00      0.00000000E+00      0.00000000E+00
      0.79714115E+00      0.79714115E+00      0.27385615E+01      0.16909917E+01      0.56366391E+00      0.43532793E-16      0.56366391E+00      0.16909917E+01      0.43532793E-16      0.00000000E+00      0.00000000E+00      0.00000000E+00
      0.79800988E+00      0.79800988E+00      0.27395615E+01      0.16928346E+01      0.56427820E+00      0.44116470E-16      0.56427820E+00      0.16928346E+01      0.44116470E-16      0.00000000E+00      0.00000000E+00      0.00000000E+00
      0.79888048E+00      0.79888048E+00      0.27405615E+01      0.16946814E+01      0.56489380E+00      0.44714867E-16      0.56489380E+00      0.16946814E+01      0.44714867E-16      0.00000000E+00      0.00000000E+00      0.00000000E+00
      0.79975294E+00      0.79975294E+00      0.27415615E+01      0.16965322E+01      0.56551073E+00      0.11057315E-16      0.56551073E+00      0.16965322E+01      0.11057315E-16      0.00000000E+00      0.00000000E+00      0.00000000E+00
      0.80062728E+00      0.80062728E+00      0.27425615E+01      0.16983869E+01      0.56612898E+00     -0.34555325E-17      0.56612898E+00      0.16983869E+01     -0.34555325E-17      0.00000000E+00      0.00000000E+00      0.00000000E+00
      0.80150350E+00      0.80150350E+00      0.27435615E+01      0.17002457E+01      0.56674856E+00      0.78692638E-17      0.56674856E+00      0.17002457E+01      0.78692638E-17      0.00000000E+00      0.00000000E+00      0.00000000E+00
      0.80238161E+00      0.80238161E+00      0.27445615E+01      0.17021084E+01      0.56736948E+00      0.19208968E-16      0.56736948E+00      0.17021084E+01      0.19208968E-16      0.00000000E+00      0.00000000E+00      0.00000000E+00
      0.80326162E+00      0.80326162E+00      0.27455615E+01      0.17039752E+01      0.56799174E+00      0.30563629E-16      0.56799174E+00      0.17039752E+01      0.30563629E-16      0.00000000E+00      0.00000000E+00      0.00000000E+00
      0.80414353E+00      0.80414353E+00      0.27465615E+01      0.17058460E+01      0.56861534E+00      0.36071668E-16      0.56861534E+00      0.17058460E+01      0.36071668E-16      0.00000000E+00      0.00000000E+00      0.00000000E+00
      0.80502734E+00      0.80502734E+00      0.27475615E+01      0.17077209E+01      0.56924029E+00      0.51926614E-16      0.56924029E+00      0.17077209E+01      0.51926614E-16      0.00000000E+00      0.00000000E+00      0.00000000E+00
      0.80591306E+00      0.80591306E+00      0.27485615E+01      0.17095998E+01      0.56986659E+00      0.48500834E-16      0.56986659E+00      0.17095998E+01      0.48500834E-16      0.00000000E+00      0.00000000E+00      0.00000000E+00
      0.80680071E+00      0.80680071E+00      0.27495615E+01      0.17114828E+01      0.57049425E+00      0.64410228E-16      0.57049425E+00      0.17114828E+01      0.64410228E-16      0.00000000E+00      0.00000000E+00      0.00000000E+00
      0.80769028E+00      0.80769028E+00      0.27505615E+01      0.17133698E+01      0.57112327E+00      0.80346977E-16      0.57112327E+00      0.17133698E+01      0.80346977E-16      0.00000000E+00      0.00000000E+00      0.00000000E+00
      0.80858178E+00      0.80858178E+00      0.27515615E+01      0.17152610E+01      0.57175366E+00      0.44294702E-16      0.57175366E+00      0.17152610E+01      0.44294702E-16      0.00000000E+00      0.00000000E+00      0.00000000E+00
      0.80947521E+00      0.80947521E+00      0.27525615E+01      0.17171562E+01      0.57238541E+00      0.72017864E-16      0.57238541E+00      0.17171562E+01      0.72017864E-16      0.00000000E+00      0.00000000E+00      0.00000000E+00
      0.81037059E+00      0.81037059E+00      0.27535615E+01      0.17190556E+01      0.57301854E+00      0.99768648E-16      0.57301854E+00      0.17190556E+01      0.99768648E-16      0.00000000E+00      0.00000000E+00      0.00000000E+00
      0.81126793E+00      0.81126793E+00      0.27545615E+01      0.17209592E+01      0.57365305E+00      0.39500346E-16      0.57365305E+00      0.17209592E+01      0.39500346E-16      0.00000000E+00      0.00000000E+00      0.00000000E+00
      0.81216721E+00      0.81216721E+00      0.27555615E+01      0.17228668E+01      0.57428894E+00      0.94494920E-17      0.57428894E+00      0.17228668E+01      0.94494920E-17      0.00000000E+00      0.00000000E+00      0.00000000E+00
      0.81306846E+00      0.81306846E+00      0.27565615E+01      0.17247787E+01      0.57492622E+00      0.97651767E-17      0.57492622E+00      0.17247787E+01      0.97651767E-17      0.00000000E+00      0.00000000E+00      0.00000000E+00
      0.81397168E+00      0.81397168E+00      0.27575615E+01      0.17266947E+01      0.57556490E+00      0.10096406E-16      0.57556490E+00      0.17266947E+01      0.10096406E-16      0.00000000E+00      0.00000000E+00      0.00000000E+00
      0.81487688E+00      0.81487688E+00      0.27585615E+01      0.17286149E+01      0.57620496E+00      0.10443231E-16      0.57620496E+00      0.17286149E+01      0.10443231E-16      0.00000000E+00      0.00000000E+00      0.00000000E+00
      0.81578405E+00      0.81578405E+00      0.27595615E+01      0.17305393E+01      0.57684644E+00      0.10805701E-16      0.57684644E+00      0.17305393E+01      0.10805701E-16      0.00000000E+00      0.00000000E+00      0.00000000E+00
      0.81669322E+00      0.81669322E+00      0.27605615E+01      0.17324679E+01      0.57748931E+00      0.57292094E-16      0.57748931E+00      0.17324679E+01      0.57292094E-16      0.00000000E+00      0.00000000E+00      0.00000000E+00
      0.81760437E+00      0.81760437E+00      0.27615615E+01      0.17344008E+01      0.57813360E+00      0.58864964E-16      0.57813360E+00      0.17344008E+01      0.58864964E-16      0.00000000E+00      0.00000000E+00      0.00000000E+00
      0.81851753E+00      0.81851753E+00      0.27625615E+01      0.17363379E+01      0.57877930E+00      0.60466271E-16      0.57877930E+00      0.17363379E+01      0.60466271E-16      0.00000000E+00      0.00000000E+00      0.00000000E+00
      0.81943270E+00      0.81943270E+00      0.27635615E+01      0.17382793E+01      0.57942642E+00      0.62096110E-16      0.57942642E+00      0.17382793E+01      0.62096110E-16      0.00000000E+00      0.00000000E+00      0.00000000E+00
      0.82034988E+00      0.82034988E+00      0.27645615E+01      0.17402249E+01      0.58007497E+00      0.63754574E-16      0.58007497E+00      0.17402249E+01      0.63754574E-16      0.00000000E+00      0.00000000E+00      0.00000000E+00
      0.82126909E+00      0.82126909E+00      0.27655615E+01      0.17421748E+01      0.58072494E+00      0.55227553E-16      0.58072494E+00      0.17421748E+01      0.55227553E-16      0.00000000E+00      0.00000000E+00      0.00000000E+00
      0.82219032E+00      0.82219032E+00      0.27665615E+01      0.17441290E+01      0.58137635E+00      0.41090247E-16      0.58137635E+00      0.17441290E+01      0.41090247E-16      0.00000000E+00      0.00000000E+00      0.00000000E+00
      0.82311358E+00      0.82311358E+00      0.27675615E+01      0.17460876E+01      0.58202920E+00      0.59813971E-16      0.58202920E+00      0.17460876E+01      0.59813971E-16      0.00000000E+00      0.00000000E+00      0.00000000E+00
      0.82403889E+00      0.82403889E+00      0.27685615E+01      0.17480505E+01      0.58268348E+00      0.78566697E-16      0.58268348E+00      0.17480505E+01      0.78566697E-16      0.00000000E+00      0.00000000E+00      0.00000000E+00
      0.82496624E+00      0.82496624E+00      0.27695615E+01      0.17500177E+01      0.58333922E+00      0.58134467E-17      0.58333922E+00      0.17500177E+01      0.58134467E-17      0.00000000E+00      0.00000000E+00      0.00000000E+00
      0.82589565E+00      0.82589565E+00      0.27705615E+01      0.17519892E+01      0.58399641E+00      0.15249993E-16      0.58399641E+00      0.17519892E+01      0.15249993E-16      0.00000000E+00      0.00000000E+00      0.00000000E+00
      0.82682711E+00      0.82682711E+00      0.27715615E+01      0.17539652E+01      0.58465506E+00      0.12404246E-16      0.58465506E+00      0.17539652E+01      0.12404246E-16      0.00000000E+00      0.00000000E+00      0.00000000E+00
      0.82776065E+00      0.82776065E+00      0.27725615E+01      0.17559455E+01      0.58531517E+00      0.21873388E-16      0.58531517E+00      0.17559455E+01      0.21873388E-16      0.00000000E+00      0.00000000E+00      0.00000000E+00
      0.82869626E+00      0.82869626E+00      0.27735615E+01      0.17579302E+01      0.58597674E+00      0.25167392E-16      0.58597674E+00      0.17579302E+01      0.25167392E-16      0.00000000E+00      0.00000000E+00      0.00000000E+00
      0.82963395E+00      0.82963395E+00      0.27745615E+01      0.17599194E+01      0.58663979E+00      0.40591744E-16      0.58663979E+00      0.17599194E+01      0.40591744E-16      0.00000000E+00      0.00000000E+00      0.00000000E+00
      0.83057373E+00      0.83057373E+00      0.27755615E+01      0.17619130E+01      0.58730432E+00      0.56045772E-16      0.58730432E+00      0.17619130E+01      0.56045772E-16      0.00000000E+00      0.00000000E+00      0.00000000E+00
      0.83151561E+00      0.83151561E+00      0.27765615E+01      0.17639110E+01      0.58797032E+00      0.71529575E-16      0.58797032E+00      0.17639110E+01      0.71529575E-16      0.00000000E+00      0.00000000E+00      0.00000000E+00
      0.83245958E+00      0.83245958E+00      0.27775615E+01      0.17659134E+01      0.58863782E+00      0.74744687E-16      0.58863782E+00      0.17659134E+01      0.74744687E-16      0.00000000E+00      0.00000000E+00      0.00000000E+00
      0.83340567E+00      0.83340567E+00      0.27785615E+01      0.17679204E+01      0.58930680E+00      0.44093264E-16      0.58930680E+00      0.17679204E+01      0.44093264E-16      0.00000000E+00      0.00000000E+00      0.00000000E+00
      0.83435387E+00      0.83435387E+00      0.27795615E+01      0.17699318E+01      0.58997728E+00      0.52258247E-16      0.58997728E+00      0.17699318E+01      0.52258247E-16      0.00000000E+00      0.00000000E+00      0.00000000E+00
      0.83530420E+00      0.83530420E+00      0.27805615E+01      0.17719478E+01      0.59064926E+00      0.60453401E-16      0.59064926E+00      0.17719478E+01      0.60453401E-16      0.00000000E+00      0.00000000E+00      0.00000000E+00
      0.83625665E+00      0.83625665E+00      0.27815615E+01      0.17739682E+01      0.59132275E+00      0.68678827E-16      0.59132275E+00      0.17739682E+01      0.68678827E-16      0.00000000E+00      0.00000000E+00      0.00000000E+00
      0.83721124E+00      0.83721124E+00      0.27825615E+01      0.17759932E+01      0.59199775E+00     -0.73622502E-17      0.59199775E+00      0.17759932E+01     -0.73622502E-17      0.00000000E+00      0.00000000E+00      0.00000000E+00
      0.83816798E+00      0.83816798E+00      0.27835615E+01      0.17780228E+01      0.59267426E+00      0.20590333E-16      0.59267426E+00      0.17780228E+01      0.20590333E-16      0.00000000E+00      0.00000000E+00      0.00000000E+00
      0.83912687E+00      0.83912687E+00      0.27845615E+01      0.17800569E+01      0.59335230E+00      0.23962773E-16      0.59335230E+00      0.17800569E+01      0.23962773E-16      0.00000000E+00      0.00000000E+00      0.00000000E+00
      0.84008792E+00      0.84008792E+00      0.27855615E+01      0.17820956E+01      0.59403186E+00      0.27352256E-16      0.59403186E+00      0.17820956E+01      0.27352256E-16      0.00000000E+00      0.00000000E+00      0.00000000E+00
      0.84105113E+00      0.84105113E+00      0.27865615E+01      0.17841389E+01      0.59471296E+00      0.30758840E-16      0.59471296E+00      0.17841389E+01      0.30758840E-16      0.00000000E+00      0.00000000E+00      0.00000000E+00
      0.84201652E+00      0.84201652E+00      0.27875615E+01      0.17861868E+01      0.59539559E+00      0.37364744E-16      0.59539559E+00      0.17861868E+01      0.37364744E-16      0.00000000E+00      0.00000000E+00      0.00000000E+00
      0.84298409E+00      0.84298409E+00      0.27885615E+01      0.17882393E+01      0.59607976E+00      0.49540485E-16      0.59607976E+00      0.17882393E+01      0.49540485E-16      0.00000000E+00      0.00000000E+00      0.00000000E+00
      0.84395384E+00      0.84395384E+00      0.27895615E+01      0.17902965E+01      0.59676548E+00      0.70971241E-16      0.59676548E+00      0.17902965E+01      0.70971241E-16      0.00000000E+00      0.00000000E+00      0.00000000E+00
      0.84492579E+00      0.84492579E+00      0.27905615E+01      0.17923583E+01      0.59745276E+00      0.83209269E-16      0.59745276E+00      0.17923583E+01      0.83209269E-16      0.00000000E+00      0.00000000E+00      0.00000000E+00
      0.84589994E+00      0.84589994E+00      0.27915615E+01      0.17944248E+01      0.59814159E+00      0.35696107E-16      0.59814159E+00      0.17944248E+01      0.35696107E-16      0.00000000E+00      0.00000000E+00      0.00000000E+00
      0.84687631E+00      0.84687631E+00      0.27925615E+01      0.17964959E+01      0.59883198E+00      0.50095794E-16      0.59883198E+00      0.17964959E+01      0.50095794E-16      0.00000000E+00      0.00000000E+00      0.00000000E+00
      0.84785489E+00      0.84785489E+00      0.27935615E+01      0.17985718E+01      0.59952394E+00      0.64526993E-16      0.59952394E+00      0.17985718E+01      0.64526993E-16      0.00000000E+00      0.00000000E+00      0.00000000E+00
      0.84883569E+00      0.84883569E+00      0.27945615E+01      0.18006524E+01      0.60021747E+00      0.78989809E-16      0.60021747E+00      0.18006524E+01      0.78989809E-16      0.00000000E+00      0.00000000E+00      0.00000000E+00
      0.84981873E+00      0.84981873E+00      0.27955615E+01      0.18027378E+01      0.60091259E+00      0.97984165E-17      0.60091259E+00      0.18027378E+01      0.97984165E-17      0.00000000E+00      0.00000000E+00      0.00000000E+00
      0.85080401E+00      0.85080401E+00      0.27965615E+01      0.18048278E+01      0.60160928E+00      0.14891013E-16      0.60160928E+00      0.18048278E+01      0.14891013E-16      0.00000000E+00      0.00000000E+00      0.00000000E+00
      0.85179153E+00      0.85179153E+00      0.27975615E+01      0.18069227E+01      0.60230757E+00      0.20001352E-16      0.60230757E+00      0.18069227E+01      0.20001352E-16      0.00000000E+00      0.00000000E+00      0.00000000E+00
      0.85278131E+00      0.85278131E+00      0.27985615E+01      0.18090223E+01      0.60300745E+00      0.25129496E-16      0.60300745E+00      0.18090223E+01      0.25129496E-16      0.00000000E+00      0.00000000E+00      0.00000000E+00
      0.85377335E+00      0.85377335E+00      0.27995615E+01      0.18111268E+01      0.60370893E+00      0.33246829E-16      0.60370893E+00      0.18111268E+01      0.33246829E-16      0.00000000E+00      0.00000000E+00      0.00000000E+00
      0.85476767E+00      0.85476767E+00      0.28005615E+01      0.18132360E+01      0.60441201E+00      0.49244651E-16      0.60441201E+00      0.18132360E+01      0.49244651E-16      0.00000000E+00      0.00000000E+00      0.00000000E+00
      0.85576426E+00      0.85576426E+00      0.28015615E+01      0.18153501E+01      0.60511671E+00      0.54330807E-16      0.60511671E+00      0.18153501E+01      0.54330807E-16      0.00000000E+00      0.00000000E+00      0.00000000E+00
      0.85676314E+00      0.85676314E+00      0.28025615E+01      0.18174691E+01      0.60582302E+00      0.70393489E-16      0.60582302E+00      0.18174691E+01      0.70393489E-16      0.00000000E+00      0.00000000E+00      0.00000000E+00
      0.85776431E+00      0.85776431E+00      0.28035615E+01      0.18195929E+01      0.60653096E+00      0.27531876E-16      0.60653096E+00      0.18195929E+01      0.27531876E-16      0.00000000E+00      0.00000000E+00      0.00000000E+00
      0.85876778E+00      0.85876778E+00      0.28045615E+01      0.18217216E+01      0.60724052E+00      0.44184598E-16      0.60724052E+00      0.18217216E+01      0.44184598E-16      0.00000000E+00      0.00000000E+00      0.00000000E+00
      0.85977356E+00      0.85977356E+00      0.28055615E+01      0.18238551E+01      0.60795172E+00      0.60870139E-16      0.60795172E+00      0.18238551E+01      0.60870139E-16      0.00000000E+00      0.00000000E+00      0.00000000E+00
      0.86078166E+00      0.86078166E+00      0.28065615E+01      0.18259936E+01      0.60866455E+00      0.77588610E-16      0.60866455E+00      0.18259936E+01      0.77588610E-16      0.00000000E+00      0.00000000E+00      0.00000000E+00
      0.86179208E+00      0.86179208E+00      0.28075615E+01      0.18281371E+01      0.60937903E+00      0.78439242E-17      0.60937903E+00      0.18281371E+01      0.78439242E-17      0.00000000E+00      0.00000000E+00      0.00000000E+00
      0.86280484E+00      0.86280484E+00      0.28085615E+01      0.18302855E+01      0.61009515E+00      0.11957213E-16      0.61009515E+00      0.18302855E+01      0.11957213E-16      0.00000000E+00      0.00000000E+00      0.00000000E+00
      0.86381994E+00      0.86381994E+00      0.28095615E+01      0.18324388E+01      0.61081294E+00      0.16088984E-16      0.61081294E+00      0.18324388E+01      0.16088984E-16      0.00000000E+00      0.00000000E+00      0.00000000E+00
      0.86483739E+00      0.86483739E+00      0.28105615E+01      0.18345971E+01      0.61153238E+00      0.20239302E-16      0.61153238E+00      0.18345971E+01      0.20239302E-16      0.00000000E+00      0.00000000E+00      0.00000000E+00
      0.86585719E+00      0.86585719E+00      0.28115615E+01      0.18367605E+01      0.61225349E+00      0.24408231E-16      0.61225349E+00      0.18367605E+01      0.24408231E-16      0.00000000E+00      0.00000000E+00      0.00000000E+00
      0.86687936E+00      0.86687936E+00      0.28125615E+01      0.18389288E+01      0.61297628E+00      0.75060471E-16      0.61297628E+00      0.18389288E+01      0.75060471E-16      0.00000000E+00      0.00000000E+00      0.00000000E+00
      0.86790391E+00      0.86790391E+00      0.28135615E+01      0.18411022E+01      0.61370074E+00      0.77279551E-16      0.61370074E+00      0.18411022E+01      0.77279551E-16      0.00000000E+00      0.00000000E+00      0.00000000E+00
      0.86893083E+00      0.86893083E+00      0.28145615E+01      0.18432807E+01      0.61442688E+00      0.79532476E-16      0.61442688E+00      0.18432807E+01      0.79532476E-16      0.00000000E+00      0.00000000E+00      0.00000000E+00
      0.86996015E+00      0.86996015E+00      0.28155615E+01      0.18454642E+01      0.61515472E+00      0.81819365E-16      0.61515472E+00      0.18454642E+01      0.81819365E-16      0.00000000E+00      0.00000000E+00      0.00000000E+00
      0.87099186E+00      0.87099186E+00      0.28165615E+01      0.18476528E+01      0.61588425E+00      0.45666280E-16      0.61588425E+00      0.18476528E+01      0.45666280E-16      0.00000000E+00      0.00000000E+00      0.00000000E+00
      0.87202598E+00      0.87202598E+00      0.28175615E+01      0.18498465E+01      0.61661549E+00      0.66049749E-16      0.61661549E+00      0.18498465E+01      0.66049749E-16      0.00000000E+00      0.00000000E+00      0.00000000E+00
      0.87306252E+00      0.87306252E+00      0.28185615E+01      0.18520453E+01      0.61734843E+00      0.53140946E-16      0.61734843E+00      0.18520453E+01      0.53140946E-16      0.00000000E+00      0.00000000E+00      0.00000000E+00
      0.87410148E+00      0.87410148E+00      0.28195615E+01      0.18542492E+01      0.61808308E+00      0.73593166E-16      0.61808308E+00      0.18542492E+01      0.73593166E-16      0.00000000E+00      0.00000000E+00      0.00000000E+00
      0.87514286E+00      0.87514286E+00      0.28205615E+01      0.18564584E+01      0.61881945E+00      0.85696742E-17      0.61881945E+00      0.18564584E+01      0.85696742E-17      0.00000000E+00      0.00000000E+00      0.00000000E+00
      0.87618669E+00      0.87618669E+00      0.28215615E+01      0.18586727E+01      0.61955755E+00      0.15089626E-16      0.61955755E+00      0.18586727E+01      0.15089626E-16      0.00000000E+00      0.00000000E+00      0.00000000E+00
      0.87723297E+00      0.87723297E+00      0.28225615E+01      0.18608922E+01      0.62029738E+00      0.21628909E-16      0.62029738E+00      0.18608922E+01      0.21628909E-16      0.00000000E+00      0.00000000E+00      0.00000000E+00
      0.87828171E+00      0.87828171E+00      0.28235615E+01      0.18631169E+01      0.62103895E+00      0.28187590E-16      0.62103895E+00      0.18631169E+01      0.28187590E-16      0.00000000E+00      0.00000000E+00      0.00000000E+00
      0.87933291E+00      0.87933291E+00      0.28245615E+01      0.18653468E+01      0.62178226E+00      0.18916061E-17      0.62178226E+00      0.18653468E+01      0.18916061E-17      0.00000000E+00      0.00000000E+00      0.00000000E+00
      0.88038658E+00      0.88038658E+00      0.28255615E+01      0.18675820E+01      0.62252732E+00      0.31598317E-16      0.62252732E+00      0.18675820E+01      0.31598317E-16      0.00000000E+00      0.00000000E+00      0.00000000E+00
      0.88144274E+00      0.88144274E+00      0.28265615E+01      0.18698224E+01      0.62327414E+00      0.61340311E-16      0.62327414E+00      0.18698224E+01      0.61340311E-16      0.00000000E+00      0.00000000E+00      0.00000000E+00
      0.88250139E+00      0.88250139E+00      0.28275615E+01      0.18720682E+01      0.62402272E+00      0.91117713E-16      0.62402272E+00      0.18720682E+01      0.91117713E-16      0.00000000E+00      0.00000000E+00      0.00000000E+00
      0.88356254E+00      0.88356254E+00      0.28285615E+01      0.18743192E+01      0.62477306E+00      0.23469127E-16      0.62477306E+00      0.18743192E+01      0.23469127E-16      0.00000000E+00      0.00000000E+00      0.00000000E+00
      0.88462620E+00      0.88462620E+00      0.28295615E+01      0.18765756E+01      0.62552519E+00      0.26012892E-16      0.62552519E+00      0.18765756E+01      0.26012892E-16      0.00000000E+00      0.00000000E+00      0.00000000E+00
      0.88569238E+00      0.88569238E+00      0.28305615E+01      0.18788373E+01      0.62627909E+00      0.10225496E-15      0.62627909E+00      0.18788373E+01      0.10225496E-15      0.00000000E+00      0.00000000E+00      0.00000000E+00
      0.88676108E+00      0.88676108E+00      0.28315615E+01      0.18811043E+01      0.62703477E+00     -0.54624733E-17      0.62703477E+00      0.18811043E+01     -0.54624733E-17      0.00000000E+00      0.00000000E+00      0.00000000E+00
      0.88783232E+00      0.88783232E+00      0.28325615E+01      0.18833768E+01      0.62779225E+00      0.74019604E-17      0.62779225E+00      0.18833768E+01      0.74019604E-17      0.00000000E+00      0.00000000E+00      0.00000000E+00
      0.88890610E+00      0.88890610E+00      0.28335615E+01      0.18856546E+01      0.62855153E+00      0.20286483E-16      0.62855153E+00      0.18856546E+01      0.20286483E-16      0.00000000E+00      0.00000000E+00      0.00000000E+00
      0.88998244E+00      0.88998244E+00      0.28345615E+01      0.18879379E+01      0.62931262E+00      0.33191165E-16      0.62931262E+00      0.18879379E+01      0.33191165E-16      0.00000000E+00      0.00000000E+00      0.00000000E+00
      0.89106134E+00      0.89106134E+00      0.28355615E+01      0.18902265E+01      0.63007552E+00      0.33095860E-16      0.63007552E+00      0.18902265E+01      0.33095860E-16      0.00000000E+00      0.00000000E+00      0.00000000E+00
      0.89214281E+00      0.89214281E+00      0.28365615E+01      0.18925207E+01      0.63084023E+00      0.42651408E-16      0.63084023E+00      0.18925207E+01      0.42651408E-16      0.00000000E+00      0.00000000E+00      0.00000000E+00
      0.89322686E+00      0.89322686E+00      0.28375615E+01      0.18948203E+01      0.63160677E+00      0.59252969E-16      0.63160677E+00      0.18948203E+01      0.59252969E-16      0.00000000E+00      0.00000000E+00      0.00000000E+00
      0.89431350E+00      0.89431350E+00      0.28385615E+01      0.18971254E+01      0.63237514E+00      0.75891335E-16      0.63237514E+00      0.18971254E+01      0.75891335E-16      0.00000000E+00      0.00000000E+00      0.00000000E+00
      0.89540274E+00      0.89540274E+00      0.28395615E+01      0.18994361E+01      0.63314535E+00      0.46569523E-16      0.63314535E+00      0.18994361E+01      0.46569523E-16      0.00000000E+00      0.00000000E+00      0.00000000E+00
      0.89649459E+00      0.89649459E+00      0.28405615E+01      0.19017522E+01      0.63391741E+00      0.81834928E-16      0.63391741E+00      0.19017522E+01      0.81834928E-16      0.00000000E+00      0.00000000E+00      0.00000000E+00
      0.89758906E+00      0.89758906E+00      0.28415615E+01      0.19040739E+01      0.63469131E+00      0.11713753E-15      0.63469131E+00      0.19040739E+01      0.11713753E-15      0.00000000E+00      0.00000000E+00      0.00000000E+00
      0.89868615E+00      0.89868615E+00      0.28425615E+01      0.19064012E+01      0.63546707E+00      0.36758892E-16      0.63546707E+00      0.19064012E+01      0.36758892E-16      0.00000000E+00      0.00000000E+00      0.00000000E+00
      0.89978588E+00      0.89978588E+00      0.28435615E+01      0.19087341E+01      0.63624470E+00      0.15978087E-16      0.63624470E+00      0.19087341E+01      0.15978087E-16      0.00000000E+00      0.00000000E+00      0.00000000E+00
      0.90088826E+00      0.90088826E+00      0.28445615E+01      0.19110726E+01      0.63702419E+00      0.15782680E-16      0.63702419E+00      0.19110726E+01      0.15782680E-16      0.00000000E+00      0.00000000E+00      0.00000000E+00
      0.90199329E+00      0.90199329E+00      0.28455615E+01      0.19134167E+01      0.63780557E+00      0.15608234E-16      0.63780557E+00      0.19134167E+01      0.15608234E-16      0.00000000E+00      0.00000000E+00      0.00000000E+00
      0.90310098E+00      0.90310098E+00      0.28465615E+01      0.19157665E+01      0.63858883E+00      0.15454824E-16      0.63858883E+00      0.19157665E+01      0.15454824E-16      0.00000000E+00      0.00000000E+00      0.00000000E+00
      0.90421135E+00      0.90421135E+00      0.28475615E+01      0.19181219E+01      0.63937398E+00      0.45334234E-16      0.63937398E+00      0.19181219E+01      0.45334234E-16      0.00000000E+00      0.00000000E+00      0.00000000E+00
      0.90532440E+00      0.90532440E+00      0.28485615E+01      0.19204831E+01      0.64016102E+00      0.52485466E-16      0.64016102E+00      0.19204831E+01      0.52485466E-16      0.00000000E+00      0.00000000E+00      0.00000000E+00
      0.90644014E+00      0.90644014E+00      0.28495615E+01      0.19228499E+01      0.64094997E+00      0.70124549E-16      0.64094997E+00      0.19228499E+01      0.70124549E-16      0.00000000E+00      0.00000000E+00      0.00000000E+00
      0.90755859E+00      0.90755859E+00      0.28505615E+01      0.19252225E+01      0.64174083E+00      0.29064172E-16      0.64174083E+00      0.19252225E+01      0.29064172E-16      0.00000000E+00      0.00000000E+00      0.00000000E+00
      0.90867975E+00      0.90867975E+00      0.28515615E+01      0.19276008E+01      0.64253361E+00      0.41030081E-16      0.64253361E+00      0.19276008E+01      0.41030081E-16      0.00000000E+00      0.00000000E+00      0.00000000E+00
      0.90980363E+00      0.90980363E+00      0.28525615E+01      0.19299850E+01      0.64332832E+00      0.53034677E-16      0.64332832E+00      0.19299850E+01      0.53034677E-16      0.00000000E+00      0.00000000E+00      0.00000000E+00
      0.91093025E+00      0.91093025E+00      0.28535615E+01      0.19323749E+01      0.64412496E+00      0.88320706E-16      0.64412496E+00      0.19323749E+01      0.88320706E-16      0.00000000E+00      0.00000000E+00      0.00000000E+00
      0.91205961E+00      0.91205961E+00      0.28545615E+01      0.19347706E+01      0.64492353E+00      0.33913593E-17      0.64492353E+00      0.19347706E+01      0.33913593E-17      0.00000000E+00      0.00000000E+00      0.00000000E+00
      0.91319172E+00      0.91319172E+00      0.28555615E+01      0.19371722E+01      0.64572405E+00      0.12854007E-16      0.64572405E+00      0.19371722E+01      0.12854007E-16      0.00000000E+00      0.00000000E+00      0.00000000E+00
      0.91432659E+00      0.91432659E+00      0.28565615E+01      0.19395796E+01      0.64652653E+00      0.22338459E-16      0.64652653E+00      0.19395796E+01      0.22338459E-16      0.00000000E+00      0.00000000E+00      0.00000000E+00
      0.91546423E+00      0.91546423E+00      0.28575615E+01      0.19419929E+01      0.64733096E+00      0.31844795E-16      0.64733096E+00      0.19419929E+01      0.31844795E-16      0.00000000E+00      0.00000000E+00      0.00000000E+00
      0.91660465E+00      0.91660465E+00      0.28585615E+01      0.19444121E+01      0.64813737E+00      0.44204274E-16      0.64813737E+00      0.19444121E+01      0.44204274E-16      0.00000000E+00      0.00000000E+00      0.00000000E+00
      0.91774787E+00      0.91774787E+00      0.28595615E+01      0.19468372E+01      0.64894574E+00      0.50250751E-16      0.64894574E+00      0.19468372E+01      0.50250751E-16      0.00000000E+00      0.00000000E+00      0.00000000E+00
      0.91889389E+00      0.91889389E+00      0.28605615E+01      0.19492683E+01      0.64975610E+00      0.68635613E-16      0.64975610E+00      0.19492683E+01      0.68635613E-16      0.00000000E+00      0.00000000E+00      0.00000000E+00
      0.92004272E+00      0.92004272E+00      0.28615615E+01      0.19517053E+01      0.65056845E+00      0.33688156E-16      0.65056845E+00      0.19517053E+01      0.33688156E-16      0.00000000E+00      0.00000000E+00      0.00000000E+00
      0.92119437E+00      0.92119437E+00      0.28625615E+01      0.19541484E+01      0.65138279E+00      0.44744359E-16      0.65138279E+00      0.19541484E+01      0.44744359E-16      0.00000000E+00      0.00000000E+00      0.00000000E+00
      0.92234886E+00      0.92234886E+00      0.28635615E+01      0.19565974E+01      0.65219913E+00      0.55840820E-16      0.65219913E+00      0.19565974E+01      0.55840820E-16      0.00000000E+00      0.00000000E+00      0.00000000E+00
      0.92350619E+00      0.92350619E+00      0.28645615E+01      0.19590525E+01      0.65301749E+00      0.66977685E-16      0.65301749E+00      0.19590525E+01      0.66977685E-16      0.00000000E+00      0.00000000E+00      0.00000000E+00
      0.92466637E+00      0.92466637E+00      0.28655615E+01      0.19615136E+01      0.65383786E+00      0.11241203E-16      0.65383786E+00      0.19615136E+01      0.11241203E-16      0.00000000E+00      0.00000000E+00      0.00000000E+00
      0.92582942E+00      0.92582942E+00      0.28665615E+01      0.19639808E+01      0.65466026E+00      0.18324415E-16      0.65466026E+00      0.19639808E+01      0.18324415E-16      0.00000000E+00      0.00000000E+00      0.00000000E+00
      0.92699534E+00      0.92699534E+00      0.28675615E+01      0.19664541E+01      0.65548469E+00      0.25430323E-16      0.65548469E+00      0.19664541E+01      0.25430323E-16      0.00000000E+00      0.00000000E+00      0.00000000E+00
      0.92816415E+00      0.92816415E+00      0.28685615E+01      0.19689335E+01      0.65631117E+00      0.32869201E-16      0.65631117E+00      0.19689335E+01      0.32869201E-16      0.00000000E+00      0.00000000E+00      0.00000000E+00
      0.92933585E+00      0.92933585E+00      0.28695615E+01      0.19714191E+01      0.65713969E+00      0.63288100E-16      0.65713969E+00      0.19714191E+01      0.63288100E-16      0.00000000E+00      0.00000000E+00      0.00000000E+00
      0.93051046E+00      0.93051046E+00      0.28705615E+01      0.19739108E+01      0.65797026E+00      0.93748301E-16      0.65797026E+00      0.19739108E+01      0.93748301E-16      0.00000000E+00      0.00000000E+00      0.00000000E+00
      0.93168799E+00      0.93168799E+00      0.28715615E+01      0.19764087E+01      0.65880290E+00      0.43578096E-16      0.65880290E+00      0.19764087E+01      0.43578096E-16      0.00000000E+00      0.00000000E+00      0.00000000E+00
      0.93286845E+00      0.93286845E+00      0.28725615E+01      0.19789128E+01      0.65963760E+00      0.34174706E-16      0.65963760E+00      0.19789128E+01      0.34174706E-16      0.00000000E+00      0.00000000E+00      0.00000000E+00
      0.93405184E+00      0.93405184E+00      0.28735615E+01      0.19814232E+01      0.66047439E+00      0.51810035E-16      0.66047439E+00      0.19814232E+01      0.51810035E-16      0.00000000E+00      0.00000000E+00      0.00000000E+00
      0.93523818E+00      0.93523818E+00      0.28745615E+01      0.19839398E+01      0.66131326E+00      0.69487279E-16      0.66131326E+00      0.19839398E+01      0.69487279E-16      0.00000000E+00      0.00000000E+00      0.00000000E+00
      0.93642748E+00      0.93642748E+00      0.28755615E+01      0.19864627E+01      0.66215422E+00     -0.36306009E-17      0.66215422E+00      0.19864627E+01     -0.36306009E-17      0.00000000E+00      0.00000000E+00      0.00000000E+00
      0.93761976E+00      0.93761976E+00      0.28765615E+01      0.19889919E+01      0.66299729E+00      0.30962171E-17      0.66299729E+00      0.19889919E+01      0.30962171E-17      0.00000000E+00      0.00000000E+00      0.00000000E+00
      0.93881501E+00      0.93881501E+00      0.28775615E+01      0.19915274E+01      0.66384246E+00      0.25585381E-16      0.66384246E+00      0.19915274E+01      0.25585381E-16      0.00000000E+00      0.00000000E+00      0.00000000E+00
      0.94001326E+00      0.94001326E+00      0.28785615E+01      0.19940693E+01      0.66468975E+00      0.32359377E-16      0.66468975E+00      0.19940693E+01      0.32359377E-16      0.00000000E+00      0.00000000E+00      0.00000000E+00
      0.94121452E+00      0.94121452E+00      0.28795615E+01      0.19966175E+01      0.66553917E+00      0.35618743E-16      0.66553917E+00      0.19966175E+01      0.35618743E-16      0.00000000E+00      0.00000000E+00      0.00000000E+00
      0.94241879E+00      0.94241879E+00      0.28805615E+01      0.19991721E+01      0.66639071E+00      0.54600230E-16      0.66639071E+00      0.19991721E+01      0.54600230E-16      0.00000000E+00      0.00000000E+00      0.00000000E+00
      0.94362608E+00      0.94362608E+00      0.28815615E+01      0.20017332E+01      0.66724440E+00      0.73624733E-16      0.66724440E+00      0.20017332E+01      0.73624733E-16      0.00000000E+00      0.00000000E+00      0.00000000E+00
      0.94483642E+00      0.94483642E+00      0.28825615E+01      0.20043007E+01      0.66810024E+00      0.58662718E-16      0.66810024E+00      0.20043007E+01      0.58662718E-16      0.00000000E+00      0.00000000E+00      0.00000000E+00
      0.94604980E+00      0.94604980E+00      0.28835615E+01      0.20068747E+01      0.66895823E+00      0.21751600E-16      0.66895823E+00      0.20068747E+01      0.21751600E-16      0.00000000E+00      0.00000000E+00      0.00000000E+00
      0.94726625E+00      0.94726625E+00      0.28845615E+01      0.20094552E+01      0.66981839E+00      0.50182634E-16      0.66981839E+00      0.20094552E+01      0.50182634E-16      0.00000000E+00      0.00000000E+00      0.00000000E+00
      0.94848577E+00      0.94848577E+00      0.28855615E+01      0.20120422E+01      0.67068072E+00      0.78657331E-16      0.67068072E+00      0.20120422E+01      0.78657331E-16      0.00000000E+00      0.00000000E+00      0.00000000E+00
      0.94970837E+00      0.94970837E+00      0.28865615E+01      0.20146357E+01      0.67154523E+00     -0.51256184E-16      0.67154523E+00      0.20146357E+01     -0.51256184E-16      0.00000000E+00      0.00000000E+00      0.00000000E+00
      0.95093407E+00      0.95093407E+00      0.28875615E+01      0.20172358E+01      0.67241193E+00     -0.11847506E-15      0.67241193E+00      0.20172358E+01     -0.11847506E-15      0.00000000E+00      0.00000000E+00      0.00000000E+00
      0.95216287E+00      0.95216287E+00      0.28885615E+01      0.20198425E+01      0.67328082E+00     -0.18582641E-15      0.67328082E+00      0.20198425E+01     -0.18582641E-15      0.00000000E+00      0.00000000E+00      0.00000000E+00
      0.95339479E+00      0.95339479E+00      0.28895615E+01      0.20224558E+01      0.67415192E+00      0.43208565E-16      0.67415192E+00      0.20224558E+01      0.43208565E-16      0.00000000E+00      0.00000000E+00      0.00000000E+00
      0.95462985E+00      0.95462985E+00      0.28905615E+01      0.20250757E+01      0.67502524E+00      0.55596736E-16      0.67502524E+00      0.20250757E+01      0.55596736E-16      0.00000000E+00      0.00000000E+00      0.00000000E+00
      0.95586804E+00      0.95586804E+00      0.28915615E+01      0.20277023E+01      0.67590078E+00      0.68029564E-16      0.67590078E+00      0.20277023E+01      0.68029564E-16      0.00000000E+00      0.00000000E+00      0.00000000E+00
      0.95710939E+00      0.95710939E+00      0.28925615E+01      0.20303356E+01      0.67677854E+00      0.25436514E-16      0.67677854E+00      0.20303356E+01      0.25436514E-16      0.00000000E+00      0.00000000E+00      0.00000000E+00
      0.95835391E+00      0.95835391E+00      0.28935615E+01      0.20329756E+01      0.67765855E+00      0.41925897E-16      0.67765855E+00      0.20329756E+01      0.41925897E-16      0.00000000E+00      0.00000000E+00      0.00000000E+00
      0.95960161E+00      0.95960161E+00      0.28945615E+01      0.20356224E+01      0.67854080E+00      0.65469785E-16      0.67854080E+00      0.20356224E+01      0.65469785E-16      0.00000000E+00      0.00000000E+00      0.00000000E+00
      0.96085249E+00      0.96085249E+00      0.28955615E+01      0.20382759E+01      0.67942531E+00      0.82049665E-16      0.67942531E+00      0.20382759E+01      0.82049665E-16      0.00000000E+00      0.00000000E+00      0.00000000E+00
      0.96210658E+00      0.96210658E+00      0.28965615E+01      0.20409363E+01      0.68031209E+00     -0.51116818E-16      0.68031209E+00      0.20409363E+01     -0.51116818E-16      0.00000000E+00      0.00000000E+00      0.00000000E+00
      0.96336388E+00      0.96336388E+00      0.28975615E+01      0.20436034E+01      0.68120113E+00     -0.89754543E-16      0.68120113E+00      0.20436034E+01     -0.89754543E-16      0.00000000E+00      0.00000000E+00      0.00000000E+00
      0.96462441E+00      0.96462441E+00      0.28985615E+01      0.20462774E+01      0.68209246E+00     -0.12852983E-15      0.68209246E+00      0.20462774E+01     -0.12852983E-15      0.00000000E+00      0.00000000E+00      0.00000000E+00
      0.96588817E+00      0.96588817E+00      0.28995615E+01      0.20489582E+01      0.68298608E+00      0.40018032E-16      0.68298608E+00      0.20489582E+01      0.40018032E-16      0.00000000E+00      0.00000000E+00      0.00000000E+00
      0.96715519E+00      0.96715519E+00      0.29005615E+01      0.20516460E+01      0.68388199E+00      0.43134105E-16      0.68388199E+00      0.20516460E+01      0.43134105E-16      0.00000000E+00      0.00000000E+00      0.00000000E+00
      0.96842547E+00      0.96842547E+00      0.29015615E+01      0.20543407E+01      0.68478022E+00      0.64249939E-16      0.68478022E+00      0.20543407E+01      0.64249939E-16      0.00000000E+00      0.00000000E+00      0.00000000E+00
      0.96969903E+00      0.96969903E+00      0.29025615E+01      0.20570423E+01      0.68568076E+00      0.31136670E-16      0.68568076E+00      0.20570423E+01      0.31136670E-16      0.00000000E+00      0.00000000E+00      0.00000000E+00
      0.97097588E+00      0.97097588E+00      0.29035615E+01      0.20597509E+01      0.68658363E+00      0.46280102E-16      0.68658363E+00      0.20597509E+01      0.46280102E-16      0.00000000E+00      0.00000000E+00      0.00000000E+00
      0.97225603E+00      0.97225603E+00      0.29045615E+01      0.20624665E+01      0.68748883E+00      0.61470449E-16      0.68748883E+00      0.20624665E+01      0.61470449E-16      0.00000000E+00      0.00000000E+00      0.00000000E+00
      0.97353949E+00      0.97353949E+00      0.29055615E+01      0.20651891E+01      0.68839637E+00      0.76707889E-16      0.68839637E+00      0.20651891E+01      0.76707889E-16      0.00000000E+00      0.00000000E+00      0.00000000E+00
      0.97482628E+00      0.97482628E+00      0.29065615E+01      0.20679188E+01      0.68930627E+00     -0.30242514E-16      0.68930627E+00      0.20679188E+01     -0.30242514E-16      0.00000000E+00      0.00000000E+00      0.00000000E+00
      0.97611640E+00      0.97611640E+00      0.29075615E+01      0.20706556E+01      0.69021853E+00     -0.92799493E-16      0.69021853E+00      0.20706556E+01     -0.92799493E-16      0.00000000E+00      0.00000000E+00      0.00000000E+00
      0.97740988E+00      0.97740988E+00      0.29085615E+01      0.20733995E+01      0.69113316E+00     -0.15549939E-15      0.69113316E+00      0.20733995E+01     -0.15549939E-15      0.00000000E+00      0.00000000E+00      0.00000000E+00
      0.97870673E+00      0.97870673E+00      0.29095615E+01      0.20761505E+01      0.69205017E+00      0.43420019E-16      0.69205017E+00      0.20761505E+01      0.43420019E-16      0.00000000E+00      0.00000000E+00      0.00000000E+00
      0.98000695E+00      0.98000695E+00      0.29105615E+01      0.20789087E+01      0.69296956E+00      0.73188394E-16      0.69296956E+00      0.20789087E+01      0.73188394E-16      0.00000000E+00      0.00000000E+00      0.00000000E+00
      0.98131057E+00      0.98131057E+00      0.29115615E+01      0.20816741E+01      0.69389136E+00      0.10300496E-15      0.69389136E+00      0.20816741E+01      0.10300496E-15      0.00000000E+00      0.00000000E+00      0.00000000E+00
      0.98261759E+00      0.98261759E+00      0.29125615E+01      0.20844467E+01      0.69481556E+00      0.21715449E-16      0.69481556E+00      0.20844467E+01      0.21715449E-16      0.00000000E+00      0.00000000E+00      0.00000000E+00
      0.98392802E+00      0.98392802E+00      0.29135615E+01      0.20872265E+01      0.69574218E+00      0.46025611E-16      0.69574218E+00      0.20872265E+01      0.46025611E-16      0.00000000E+00      0.00000000E+00      0.00000000E+00
      0.98524189E+00      0.98524189E+00      0.29145615E+01      0.20900137E+01      0.69667122E+00      0.70384528E-16      0.69667122E+00      0.20900137E+01      0.70384528E-16      0.00000000E+00      0.00000000E+00      0.00000000E+00
      0.98655920E+00      0.98655920E+00      0.29155615E+01      0.20928081E+01      0.69760270E+00     -0.19972090E-16      0.69760270E+00      0.20928081E+01     -0.19972090E-16      0.00000000E+00      0.00000000E+00      0.00000000E+00
      0.98787997E+00      0.98787997E+00      0.29165615E+01      0.20956099E+01      0.69853663E+00     -0.75608336E-16      0.69853663E+00      0.20956099E+01     -0.75608336E-16      0.00000000E+00      0.00000000E+00      0.00000000E+00
      0.98920421E+00      0.98920421E+00      0.29175615E+01      0.20984190E+01      0.69947301E+00     -0.13139256E-15      0.69947301E+00      0.20984190E+01     -0.13139256E-15      0.00000000E+00      0.00000000E+00      0.00000000E+00
      0.99053194E+00      0.99053194E+00      0.29185615E+01      0.21012355E+01      0.70041185E+00      0.38220738E-16      0.70041185E+00      0.21012355E+01      0.38220738E-16      0.00000000E+00      0.00000000E+00      0.00000000E+00
      0.99186316E+00      0.99186316E+00      0.29195615E+01      0.21040595E+01      0.70135317E+00      0.53843332E-16      0.70135317E+00      0.21040595E+01      0.53843332E-16      0.00000000E+00      0.00000000E+00      0.00000000E+00
      0.99319789E+00      0.99319789E+00      0.29205615E+01      0.21068909E+01      0.70229697E+00      0.69515830E-16      0.70229697E+00      0.21068909E+01      0.69515830E-16      0.00000000E+00      0.00000000E+00      0.00000000E+00
      0.99453615E+00      0.99453615E+00      0.29215615E+01      0.21097298E+01      0.70324326E+00      0.23396476E-16      0.70324326E+00      0.21097298E+01      0.23396476E-16      0.00000000E+00      0.00000000E+00      0.00000000E+00
      0.99587795E+00      0.99587795E+00      0.29225615E+01      0.21125762E+01      0.70419205E+00      0.34699887E-16      0.70419205E+00      0.21125762E+01      0.34699887E-16      0.00000000E+00      0.00000000E+00      0.00000000E+00
      0.99722330E+00      0.99722330E+00      0.29235615E+01      0.21154301E+01      0.70514336E+00      0.46053792E-16      0.70514336E+00      0.21154301E+01      0.46053792E-16      0.00000000E+00      0.00000000E+00      0.00000000E+00
      0.99857222E+00      0.99857222E+00      0.29245615E+01      0.21182916E+01      0.70609719E+00     -0.20124101E-16      0.70609719E+00      0.21182916E+01     -0.20124101E-16      0.00000000E+00      0.00000000E+00      0.00000000E+00
      0.99992472E+00      0.99992472E+00      0.29255615E+01      0.21211607E+01      0.70705355E+00     -0.69788791E-16      0.70705355E+00      0.21211607E+01     -0.69788791E-16      0.00000000E+00      0.00000000E+00      0.00000000E+00
      0.10012808E+01      0.10012808E+01      0.29265615E+01      0.21240374E+01      0.70801246E+00     -0.11960675E-15      0.70801246E+00      0.21240374E+01     -0.11960675E-15      0.00000000E+00      0.00000000E+00      0.00000000E+00
      0.10026405E+01      0.10026405E+01      0.29275615E+01      0.21269217E+01      0.70897391E+00     -0.16957860E-15      0.70897391E+00      0.21269217E+01     -0.16957860E-15      0.00000000E+00      0.00000000E+00      0.00000000E+00
      0.10040039E+01      0.10040039E+01      0.29285615E+01      0.21298138E+01      0.70993793E+00      0.44802532E-16      0.70993793E+00      0.21298138E+01      0.44802532E-16      0.00000000E+00      0.00000000E+00      0.00000000E+00
      0.10053708E+01      0.10053708E+01      0.29295615E+01      0.21327136E+01      0.71090452E+00      0.63934730E-16      0.71090452E+00      0.21327136E+01      0.63934730E-16      0.00000000E+00      0.00000000E+00      0.00000000E+00
      0.10067414E+01      0.10067414E+01      0.29305615E+01      0.21356211E+01      0.71187370E+00      0.84838949E-16      0.71187370E+00      0.21356211E+01      0.84838949E-16      0.00000000E+00      0.00000000E+00      0.00000000E+00
      0.10081157E+01      0.10081157E+01      0.29315615E+01      0.21385364E+01      0.71284546E+00      0.50492317E-16      0.71284546E+00      0.21385364E+01      0.50492317E-16      0.00000000E+00      0.00000000E+00      0.00000000E+00
      0.10094937E+01      0.10094937E+01      0.29325615E+01      0.21414595E+01      0.71381983E+00      0.64764627E-16      0.71381983E+00      0.21414595E+01      0.64764627E-16      0.00000000E+00      0.00000000E+00      0.00000000E+00
      0.10108754E+01      0.10108754E+01      0.29335615E+01      0.21443905E+01      0.71479682E+00      0.79089461E-16      0.71479682E+00      0.21443905E+01      0.79089461E-16      0.00000000E+00      0.00000000E+00      0.00000000E+00
      0.10122607E+01      0.10122607E+01      0.29345615E+01      0.21473293E+01      0.71577643E+00     -0.57823498E-16      0.71577643E+00      0.21473293E+01     -0.57823498E-16      0.00000000E+00      0.00000000E+00      0.00000000E+00
      0.10136498E+01      0.10136498E+01      0.29355615E+01      0.21502760E+01      0.71675867E+00     -0.11306792E-15      0.71675867E+00      0.21502760E+01     -0.11306792E-15      0.00000000E+00      0.00000000E+00      0.00000000E+00
      0.10150427E+01      0.10150427E+01      0.29365615E+01      0.21532307E+01      0.71774355E+00     -0.17326655E-15      0.71774355E+00      0.21532307E+01     -0.17326655E-15      0.00000000E+00      0.00000000E+00      0.00000000E+00
      0.10164393E+01      0.10164393E+01      0.29375615E+01      0.21561933E+01      0.71873110E+00      0.40498489E-16      0.71873110E+00      0.21561933E+01      0.40498489E-16      0.00000000E+00      0.00000000E+00      0.00000000E+00
      0.10178396E+01      0.10178396E+01      0.29385615E+01      0.21591639E+01      0.71972130E+00      0.65771054E-16      0.71972130E+00      0.21591639E+01      0.65771054E-16      0.00000000E+00      0.00000000E+00      0.00000000E+00
      0.10192438E+01      0.10192438E+01      0.29395615E+01      0.21621426E+01      0.72071419E+00      0.27278340E-16      0.72071419E+00      0.21621426E+01      0.27278340E-16      0.00000000E+00      0.00000000E+00      0.00000000E+00
      0.10206517E+01      0.10206517E+01      0.29405615E+01      0.21651293E+01      0.72170976E+00      0.48104836E-16      0.72170976E+00      0.21651293E+01      0.48104836E-16      0.00000000E+00      0.00000000E+00      0.00000000E+00
      0.10220635E+01      0.10220635E+01      0.29415615E+01      0.21681241E+01      0.72270803E+00      0.64190797E-16      0.72270803E+00      0.21681241E+01      0.64190797E-16      0.00000000E+00      0.00000000E+00      0.00000000E+00
      0.10234791E+01      0.10234791E+01      0.29425615E+01      0.21711270E+01      0.72370901E+00      0.20345904E-17      0.72370901E+00      0.21711270E+01      0.20345904E-17      0.00000000E+00      0.00000000E+00      0.00000000E+00
      0.10248985E+01      0.10248985E+01      0.29435615E+01      0.21741381E+01      0.72471271E+00     -0.62215538E-16      0.72471271E+00      0.21741381E+01     -0.62215538E-16      0.00000000E+00      0.00000000E+00      0.00000000E+00
      0.10263218E+01      0.10263218E+01      0.29445615E+01      0.21771574E+01      0.72571914E+00     -0.12663031E-15      0.72571914E+00      0.21771574E+01     -0.12663031E-15      0.00000000E+00      0.00000000E+00      0.00000000E+00
      0.10277490E+01      0.10277490E+01      0.29455615E+01      0.21801849E+01      0.72672831E+00      0.33718840E-16      0.72672831E+00      0.21801849E+01      0.33718840E-16      0.00000000E+00      0.00000000E+00      0.00000000E+00
      0.10291801E+01      0.10291801E+01      0.29465615E+01      0.21832207E+01      0.72774023E+00      0.57497673E-16      0.72774023E+00      0.21832207E+01      0.57497673E-16      0.00000000E+00      0.00000000E+00      0.00000000E+00
      0.10306151E+01      0.10306151E+01      0.29475615E+01      0.21862648E+01      0.72875492E+00      0.61164091E-16      0.72875492E+00      0.21862648E+01      0.61164091E-16      0.00000000E+00      0.00000000E+00      0.00000000E+00
      0.10320540E+01      0.10320540E+01      0.29485615E+01      0.21893172E+01      0.72977239E+00      0.10162230E-16      0.72977239E+00      0.21893172E+01      0.10162230E-16      0.00000000E+00      0.00000000E+00      0.00000000E+00
      0.10334969E+01      0.10334969E+01      0.29495615E+01      0.21923779E+01      0.73079264E+00      0.43909648E-16      0.73079264E+00      0.21923779E+01      0.43909648E-16      0.00000000E+00      0.00000000E+00      0.00000000E+00
      0.10349437E+01      0.10349437E+01      0.29505615E+01      0.21954471E+01      0.73181568E+00      0.77713296E-16      0.73181568E+00      0.21954471E+01      0.77713296E-16      0.00000000E+00      0.00000000E+00      0.00000000E+00
      0.10363944E+01      0.10363944E+01      0.29515615E+01      0.21985246E+01      0.73284154E+00     -0.30636403E-16      0.73284154E+00      0.21985246E+01     -0.30636403E-16      0.00000000E+00      0.00000000E+00      0.00000000E+00
      0.10378492E+01      0.10378492E+01      0.29525615E+01      0.22016107E+01      0.73387022E+00     -0.96561344E-16      0.73387022E+00      0.22016107E+01     -0.96561344E-16      0.00000000E+00      0.00000000E+00      0.00000000E+00
      0.10393080E+01      0.10393080E+01      0.29535615E+01      0.22047052E+01      0.73490173E+00     -0.13978003E-15      0.73490173E+00      0.22047052E+01     -0.13978003E-15      0.00000000E+00      0.00000000E+00      0.00000000E+00
      0.10407708E+01      0.10407708E+01      0.29545615E+01      0.22078083E+01      0.73593608E+00      0.71070817E-16      0.73593608E+00      0.22078083E+01      0.71070817E-16      0.00000000E+00      0.00000000E+00      0.00000000E+00
      0.10422376E+01      0.10422376E+01      0.29555615E+01      0.22109199E+01      0.73697329E+00      0.69711583E-16      0.73697329E+00      0.22109199E+01      0.69711583E-16      0.00000000E+00      0.00000000E+00      0.00000000E+00
      0.10437085E+01      0.10437085E+01      0.29565615E+01      0.22140401E+01      0.73801337E+00      0.68409967E-16      0.73801337E+00      0.22140401E+01      0.68409967E-16      0.00000000E+00      0.00000000E+00      0.00000000E+00
      0.10451835E+01      0.10451835E+01      0.29575615E+01      0.22171690E+01      0.73905633E+00      0.37570480E-16      0.73905633E+00      0.22171690E+01      0.37570480E-16      0.00000000E+00      0.00000000E+00      0.00000000E+00
      0.10466625E+01      0.10466625E+01      0.29585615E+01      0.22203065E+01      0.74010217E+00      0.55818553E-16      0.74010217E+00      0.22203065E+01      0.55818553E-16      0.00000000E+00      0.00000000E+00      0.00000000E+00
      0.10481457E+01      0.10481457E+01      0.29595615E+01      0.22234528E+01      0.74115092E+00      0.90358220E-16      0.74115092E+00      0.22234528E+01      0.90358220E-16      0.00000000E+00      0.00000000E+00      0.00000000E+00
      0.10496330E+01      0.10496330E+01      0.29605615E+01      0.22266077E+01      0.74220258E+00     -0.78608512E-16      0.74220258E+00      0.22266077E+01     -0.78608512E-16      0.00000000E+00      0.00000000E+00      0.00000000E+00
      0.10511244E+01      0.10511244E+01      0.29615615E+01      0.22297715E+01      0.74325717E+00     -0.12827652E-15      0.74325717E+00      0.22297715E+01     -0.12827652E-15      0.00000000E+00      0.00000000E+00      0.00000000E+00
      0.10526199E+01      0.10526199E+01      0.29625615E+01      0.22329441E+01      0.74431470E+00      0.33009206E-16      0.74431470E+00      0.22329441E+01      0.33009206E-16      0.00000000E+00      0.00000000E+00      0.00000000E+00
      0.10541197E+01      0.10541197E+01      0.29635615E+01      0.22361255E+01      0.74537517E+00      0.59484819E-16      0.74537517E+00      0.22361255E+01      0.59484819E-16      0.00000000E+00      0.00000000E+00      0.00000000E+00
      0.10556236E+01      0.10556236E+01      0.29645615E+01      0.22393158E+01      0.74643861E+00      0.86019976E-16      0.74643861E+00      0.22393158E+01      0.86019976E-16      0.00000000E+00      0.00000000E+00      0.00000000E+00
      0.10571318E+01      0.10571318E+01      0.29655615E+01      0.22425151E+01      0.74750503E+00      0.46187096E-16      0.74750503E+00      0.22425151E+01      0.46187096E-16      0.00000000E+00      0.00000000E+00      0.00000000E+00
      0.10586441E+01      0.10586441E+01      0.29665615E+01      0.22457233E+01      0.74857443E+00      0.62578477E-16      0.74857443E+00      0.22457233E+01      0.62578477E-16      0.00000000E+00      0.00000000E+00      0.00000000E+00
      0.10601607E+01      0.10601607E+01      0.29675615E+01      0.22489405E+01      0.74964684E+00      0.79030145E-16      0.74964684E+00      0.22489405E+01      0.79030145E-16      0.00000000E+00      0.00000000E+00      0.00000000E+00
