      0.53042014E+00      0.53042014E+00      0.22795615E+01      0.39788266E+00      0.39788266E+00      0.10000000E+01
      0.53080897E+00      0.53080897E+00      0.22805615E+01      0.39846622E+00      0.39846622E+00      0.10000000E+01
      0.53119837E+00      0.53119837E+00      0.22815615E+01      0.39905106E+00      0.39905106E+00      0.10000000E+01
      0.53158834E+00      0.53158834E+00      0.22825615E+01      0.39963718E+00      0.39963718E+00      0.10000000E+01
      0.53197887E+00      0.53197887E+00      0.22835615E+01      0.40022458E+00      0.40022458E+00      0.10000000E+01
      0.53236996E+00      0.53236996E+00      0.22845615E+01      0.40081327E+00      0.40081327E+00      0.10000000E+01
      0.53276163E+00      0.53276163E+00      0.22855615E+01      0.40140324E+00      0.40140324E+00      0.10000000E+01
      0.53315387E+00      0.53315387E+00      0.22865615E+01      0.40199451E+00      0.40199451E+00      0.10000000E+01
      0.53354668E+00      0.53354668E+00      0.22875615E+01      0.40258708E+00      0.40258708E+00      0.10000000E+01
      0.53394006E+00      0.53394006E+00      0.22885615E+01      0.40318095E+00      0.40318095E+00      0.10000000E+01
      0.53433401E+00      0.53433401E+00      0.22895615E+01      0.40377612E+00      0.40377612E+00      0.10000000E+01
      0.53472854E+00      0.53472854E+00      0.22905615E+01      0.40437261E+00      0.40437261E+00      0.10000000E+01
      0.53512365E+00      0.53512365E+00      0.22915615E+01      0.40497040E+00      0.40497040E+00      0.10000000E+01
      0.53551933E+00      0.53551933E+00      0.22925615E+01      0.40556951E+00      0.40556951E+00      0.10000000E+01
      0.53591559E+00      0.53591559E+00      0.22935615E+01      0.40616995E+00      0.40616995E+00      0.10000000E+01
      0.53631244E+00      0.53631244E+00      0.22945615E+01      0.40677170E+00      0.40677170E+00      0.10000000E+01
      0.53670986E+00      0.53670986E+00      0.22955615E+01      0.40737479E+00      0.40737479E+00      0.10000000E+01
      0.53710787E+00      0.53710787E+00      0.22965615E+01      0.40797920E+00      0.40797920E+00      0.10000000E+01
      0.53750646E+00      0.53750646E+00      0.22975615E+01      0.40858495E+00      0.40858495E+00      0.10000000E+01
      0.53790563E+00      0.53790563E+00      0.22985615E+01      0.40919205E+00      0.40919205E+00      0.10000000E+01
      0.53830540E+00      0.53830540E+00      0.22995615E+01      0.40980048E+00      0.40980048E+00      0.10000000E+01
      0.53870575E+00      0.53870575E+00      0.23005615E+01      0.41041026E+00      0.41041026E+00      0.10000000E+01
      0.53910669E+00      0.53910669E+00      0.23015615E+01      0.41102140E+00      0.41102140E+00      0.10000000E+01
      0.53950821E+00      0.53950821E+00      0.23025615E+01      0.41163389E+00      0.41163389E+00      0.10000000E+01
      0.53991034E+00      0.53991034E+00      0.23035615E+01      0.41224774E+00      0.41224774E+00      0.10000000E+01
      0.54031305E+00      0.54031305E+00      0.23045615E+01      0.41286295E+00      0.41286295E+00      0.10000000E+01
      0.54071636E+00      0.54071636E+00      0.23055615E+01      0.41347953E+00      0.41347953E+00      0.10000000E+01
      0.54112026E+00      0.54112026E+00      0.23065615E+01      0.41409748E+00      0.41409748E+00      0.10000000E+01
      0.54152476E+00      0.54152476E+00      0.23075615E+01      0.41471681E+00      0.41471681E+00      0.10000000E+01
      0.54192986E+00      0.54192986E+00      0.23085615E+01      0.41533752E+00      0.41533752E+00      0.10000000E+01
      0.54233556E+00      0.54233556E+00      0.23095615E+01      0.41595961E+00      0.41595961E+00      0.10000000E+01
      0.54274186E+00      0.54274186E+00      0.23105615E+01      0.41658309E+00      0.41658309E+00      0.10000000E+01
      0.54314876E+00      0.54314876E+00      0.23115615E+01      0.41720796E+00      0.41720796E+00      0.10000000E+01
      0.54355627E+00      0.54355627E+00      0.23125615E+01      0.41783423E+00      0.41783423E+00      0.10000000E+01
      0.54396438E+00      0.54396438E+00      0.23135615E+01      0.41846190E+00      0.41846190E+00      0.10000000E+01
      0.54437309E+00      0.54437309E+00      0.23145615E+01      0.41909097E+00      0.41909097E+00      0.10000000E+01
      0.54478242E+00      0.54478242E+00      0.23155615E+01      0.41972145E+00      0.41972145E+00      0.10000000E+01
      0.54519235E+00      0.54519235E+00      0.23165615E+01      0.42035334E+00      0.42035334E+00      0.10000000E+01
      0.54560289E+00      0.54560289E+00      0.23175615E+01      0.42098665E+00      0.42098665E+00      0.10000000E+01
      0.54601405E+00      0.54601405E+00      0.23185615E+01      0.42162138E+00      0.42162138E+00      0.10000000E+01
      0.54642581E+00      0.54642581E+00      0.23195615E+01      0.42225754E+00      0.42225754E+00      0.10000000E+01
      0.54683819E+00      0.54683819E+00      0.23205615E+01      0.42289512E+00      0.42289512E+00      0.10000000E+01
      0.54725119E+00      0.54725119E+00      0.23215615E+01      0.42353415E+00      0.42353415E+00      0.10000000E+01
      0.54766480E+00      0.54766480E+00      0.23225615E+01      0.42417460E+00      0.42417460E+00      0.10000000E+01
      0.54807904E+00      0.54807904E+00      0.23235615E+01      0.42481650E+00      0.42481650E+00      0.10000000E+01
      0.54849389E+00      0.54849389E+00      0.23245615E+01      0.42545985E+00      0.42545985E+00      0.10000000E+01
      0.54890936E+00      0.54890936E+00      0.23255615E+01      0.42610465E+00      0.42610465E+00      0.10000000E+01
      0.54932546E+00      0.54932546E+00      0.23265615E+01      0.42675090E+00      0.42675090E+00      0.10000000E+01
      0.54974218E+00      0.54974218E+00      0.23275615E+01      0.42739862E+00      0.42739862E+00      0.10000000E+01
      0.55015952E+00      0.55015952E+00      0.23285615E+01      0.42804780E+00      0.42804780E+00      0.10000000E+01
      0.55057749E+00      0.55057749E+00      0.23295615E+01      0.42869844E+00      0.42869844E+00      0.10000000E+01
      0.55099609E+00      0.55099609E+00      0.23305615E+01      0.42935056E+00      0.42935056E+00      0.10000000E+01
      0.55141532E+00      0.55141532E+00      0.23315615E+01      0.43000416E+00      0.43000416E+00      0.10000000E+01
      0.55183518E+00      0.55183518E+00      0.23325615E+01      0.43065924E+00      0.43065924E+00      0.10000000E+01
      0.55225567E+00      0.55225567E+00      0.23335615E+01      0.43131580E+00      0.43131580E+00      0.10000000E+01
      0.55267680E+00      0.55267680E+00      0.23345615E+01      0.43197386E+00      0.43197386E+00      0.10000000E+01
      0.55309856E+00      0.55309856E+00      0.23355615E+01      0.43263341E+00      0.43263341E+00      0.10000000E+01
      0.55352096E+00      0.55352096E+00      0.23365615E+01      0.43329446E+00      0.43329446E+00      0.10000000E+01
      0.55394400E+00      0.55394400E+00      0.23375615E+01      0.43395702E+00      0.43395702E+00      0.10000000E+01
      0.55436767E+00      0.55436767E+00      0.23385615E+01      0.43462108E+00      0.43462108E+00      0.10000000E+01
      0.55479199E+00      0.55479199E+00      0.23395615E+01      0.43528666E+00      0.43528666E+00      0.10000000E+01
      0.55521694E+00      0.55521694E+00      0.23405615E+01      0.43595375E+00      0.43595375E+00      0.10000000E+01
      0.55564255E+00      0.55564255E+00      0.23415615E+01      0.43662237E+00      0.43662237E+00      0.10000000E+01
      0.55606879E+00      0.55606879E+00      0.23425615E+01      0.43729252E+00      0.43729252E+00      0.10000000E+01
      0.55649569E+00      0.55649569E+00      0.23435615E+01      0.43796419E+00      0.43796419E+00      0.10000000E+01
      0.55692323E+00      0.55692323E+00      0.23445615E+01      0.43863741E+00      0.43863741E+00      0.10000000E+01
      0.55735142E+00      0.55735142E+00      0.23455615E+01      0.43931216E+00      0.43931216E+00      0.10000000E+01
      0.55778027E+00      0.55778027E+00      0.23465615E+01      0.43998846E+00      0.43998846E+00      0.10000000E+01
      0.55820976E+00      0.55820976E+00      0.23475615E+01      0.44066631E+00      0.44066631E+00      0.10000000E+01
      0.55863991E+00      0.55863991E+00      0.23485615E+01      0.44134572E+00      0.44134572E+00      0.10000000E+01
      0.55907072E+00      0.55907072E+00      0.23495615E+01      0.44202669E+00      0.44202669E+00      0.10000000E+01
      0.55950218E+00      0.55950218E+00      0.23505615E+01      0.44270922E+00      0.44270922E+00      0.10000000E+01
      0.55993430E+00      0.55993430E+00      0.23515615E+01      0.44339332E+00      0.44339332E+00      0.10000000E+01
      0.56036708E+00      0.56036708E+00      0.23525615E+01      0.44407899E+00      0.44407899E+00      0.10000000E+01
      0.56080052E+00      0.56080052E+00      0.23535615E+01      0.44476624E+00      0.44476624E+00      0.10000000E+01
      0.56123463E+00      0.56123463E+00      0.23545615E+01      0.44545508E+00      0.44545508E+00      0.10000000E+01
      0.56166940E+00      0.56166940E+00      0.23555615E+01      0.44614551E+00      0.44614551E+00      0.10000000E+01
      0.56210483E+00      0.56210483E+00      0.23565615E+01      0.44683753E+00      0.44683753E+00      0.10000000E+01
      0.56254094E+00      0.56254094E+00      0.23575615E+01      0.44753114E+00      0.44753114E+00      0.10000000E+01
      0.56297771E+00      0.56297771E+00      0.23585615E+01      0.44822637E+00      0.44822637E+00      0.10000000E+01
      0.56341515E+00      0.56341515E+00      0.23595615E+01      0.44892319E+00      0.44892319E+00      0.10000000E+01
      0.56385327E+00      0.56385327E+00      0.23605615E+01      0.44962164E+00      0.44962164E+00      0.10000000E+01
      0.56429206E+00      0.56429206E+00      0.23615615E+01      0.45032170E+00      0.45032170E+00      0.10000000E+01
      0.56473152E+00      0.56473152E+00      0.23625615E+01      0.45102338E+00      0.45102338E+00      0.10000000E+01
      0.56517166E+00      0.56517166E+00      0.23635615E+01      0.45172669E+00      0.45172669E+00      0.10000000E+01
      0.56561248E+00      0.56561248E+00      0.23645615E+01      0.45243164E+00      0.45243164E+00      0.10000000E+01
      0.56605398E+00      0.56605398E+00      0.23655615E+01      0.45313822E+00      0.45313822E+00      0.10000000E+01
      0.56649616E+00      0.56649616E+00      0.23665615E+01      0.45384645E+00      0.45384645E+00      0.10000000E+01
      0.56693903E+00      0.56693903E+00      0.23675615E+01      0.45455632E+00      0.45455632E+00      0.10000000E+01
      0.56738257E+00      0.56738257E+00      0.23685615E+01      0.45526785E+00      0.45526785E+00      0.10000000E+01
      0.56782681E+00      0.56782681E+00      0.23695615E+01      0.45598104E+00      0.45598104E+00      0.10000000E+01
      0.56827173E+00      0.56827173E+00      0.23705615E+01      0.45669589E+00      0.45669589E+00      0.10000000E+01
      0.56871734E+00      0.56871734E+00      0.23715615E+01      0.45741241E+00      0.45741241E+00      0.10000000E+01
      0.56916365E+00      0.56916365E+00      0.23725615E+01      0.45813060E+00      0.45813060E+00      0.10000000E+01
      0.56961064E+00      0.56961064E+00      0.23735615E+01      0.45885047E+00      0.45885047E+00      0.10000000E+01
      0.57005833E+00      0.57005833E+00      0.23745615E+01      0.45957203E+00      0.45957203E+00      0.10000000E+01
      0.57050671E+00      0.57050671E+00      0.23755615E+01      0.46029528E+00      0.46029528E+00      0.10000000E+01
      0.57095580E+00      0.57095580E+00      0.23765615E+01      0.46102022E+00      0.46102022E+00      0.10000000E+01
      0.57140558E+00      0.57140558E+00      0.23775615E+01      0.46174686E+00      0.46174686E+00      0.10000000E+01
      0.57185606E+00      0.57185606E+00      0.23785615E+01      0.46247520E+00      0.46247520E+00      0.10000000E+01
      0.57230724E+00      0.57230724E+00      0.23795615E+01      0.46320526E+00      0.46320526E+00      0.10000000E+01
      0.57275913E+00      0.57275913E+00      0.23805615E+01      0.46393703E+00      0.46393703E+00      0.10000000E+01
      0.57321172E+00      0.57321172E+00      0.23815615E+01      0.46467053E+00      0.46467053E+00      0.10000000E+01
      0.57366502E+00      0.57366502E+00      0.23825615E+01      0.46540575E+00      0.46540575E+00      0.10000000E+01
      0.57411903E+00      0.57411903E+00      0.23835615E+01      0.46614270E+00      0.46614270E+00      0.10000000E+01
      0.57457375E+00      0.57457375E+00      0.23845615E+01      0.46688139E+00      0.46688139E+00      0.10000000E+01
      0.57502918E+00      0.57502918E+00      0.23855615E+01      0.46762182E+00      0.46762182E+00      0.10000000E+01
      0.57548533E+00      0.57548533E+00      0.23865615E+01      0.46836401E+00      0.46836401E+00      0.10000000E+01
      0.57594219E+00      0.57594219E+00      0.23875615E+01      0.46910794E+00      0.46910794E+00      0.10000000E+01
      0.57639977E+00      0.57639977E+00      0.23885615E+01      0.46985364E+00      0.46985364E+00      0.10000000E+01
      0.57685806E+00      0.57685806E+00      0.23895615E+01      0.47060110E+00      0.47060110E+00      0.10000000E+01
      0.57731708E+00      0.57731708E+00      0.23905615E+01      0.47135033E+00      0.47135033E+00      0.10000000E+01
      0.57777682E+00      0.57777682E+00      0.23915615E+01      0.47210133E+00      0.47210133E+00      0.10000000E+01
      0.57823728E+00      0.57823728E+00      0.23925615E+01      0.47285412E+00      0.47285412E+00      0.10000000E+01
      0.57869847E+00      0.57869847E+00      0.23935615E+01      0.47360869E+00      0.47360869E+00      0.10000000E+01
      0.57916039E+00      0.57916039E+00      0.23945615E+01      0.47436506E+00      0.47436506E+00      0.10000000E+01
      0.57962303E+00      0.57962303E+00      0.23955615E+01      0.47512323E+00      0.47512323E+00      0.10000000E+01
      0.58008640E+00      0.58008640E+00      0.23965615E+01      0.47588320E+00      0.47588320E+00      0.10000000E+01
      0.58055051E+00      0.58055051E+00      0.23975615E+01      0.47664498E+00      0.47664498E+00      0.10000000E+01
      0.58101535E+00      0.58101535E+00      0.23985615E+01      0.47740857E+00      0.47740857E+00      0.10000000E+01
      0.58148093E+00      0.58148093E+00      0.23995615E+01      0.47817399E+00      0.47817399E+00      0.10000000E+01
      0.58194724E+00      0.58194724E+00      0.24005615E+01      0.47894123E+00      0.47894123E+00      0.10000000E+01
      0.58241430E+00      0.58241430E+00      0.24015615E+01      0.47971031E+00      0.47971031E+00      0.10000000E+01
      0.58288209E+00      0.58288209E+00      0.24025615E+01      0.48048123E+00      0.48048123E+00      0.10000000E+01
      0.58335063E+00      0.58335063E+00      0.24035615E+01      0.48125399E+00      0.48125399E+00      0.10000000E+01
      0.58381991E+00      0.58381991E+00      0.24045615E+01      0.48202860E+00      0.48202860E+00      0.10000000E+01
      0.58428994E+00      0.58428994E+00      0.24055615E+01      0.48280506E+00      0.48280506E+00      0.10000000E+01
      0.58476072E+00      0.58476072E+00      0.24065615E+01      0.48358339E+00      0.48358339E+00      0.10000000E+01
      0.58523224E+00      0.58523224E+00      0.24075615E+01      0.48436359E+00      0.48436359E+00      0.10000000E+01
      0.58570452E+00      0.58570452E+00      0.24085615E+01      0.48514566E+00      0.48514566E+00      0.10000000E+01
      0.58617755E+00      0.58617755E+00      0.24095615E+01      0.48592961E+00      0.48592961E+00      0.10000000E+01
      0.58665134E+00      0.58665134E+00      0.24105615E+01      0.48671544E+00      0.48671544E+00      0.10000000E+01
      0.58712588E+00      0.58712588E+00      0.24115615E+01      0.48750317E+00      0.48750317E+00      0.10000000E+01
      0.58760118E+00      0.58760118E+00      0.24125615E+01      0.48829280E+00      0.48829280E+00      0.10000000E+01
      0.58807724E+00      0.58807724E+00      0.24135615E+01      0.48908433E+00      0.48908433E+00      0.10000000E+01
      0.58855407E+00      0.58855407E+00      0.24145615E+01      0.48987777E+00      0.48987777E+00      0.10000000E+01
      0.58903166E+00      0.58903166E+00      0.24155615E+01      0.49067312E+00      0.49067312E+00      0.10000000E+01
      0.58951001E+00      0.58951001E+00      0.24165615E+01      0.49147040E+00      0.49147040E+00      0.10000000E+01
      0.58998913E+00      0.58998913E+00      0.24175615E+01      0.49226961E+00      0.49226961E+00      0.10000000E+01
      0.59046903E+00      0.59046903E+00      0.24185615E+01      0.49307075E+00      0.49307075E+00      0.10000000E+01
      0.59094969E+00      0.59094969E+00      0.24195615E+01      0.49387383E+00      0.49387383E+00      0.10000000E+01
      0.59143113E+00      0.59143113E+00      0.24205615E+01      0.49467886E+00      0.49467886E+00      0.10000000E+01
      0.59191334E+00      0.59191334E+00      0.24215615E+01      0.49548585E+00      0.49548585E+00      0.10000000E+01
      0.59239633E+00      0.59239633E+00      0.24225615E+01      0.49629479E+00      0.49629479E+00      0.10000000E+01
      0.59288010E+00      0.59288010E+00      0.24235615E+01      0.49710570E+00      0.49710570E+00      0.10000000E+01
      0.59336465E+00      0.59336465E+00      0.24245615E+01      0.49791858E+00      0.49791858E+00      0.10000000E+01
      0.59384998E+00      0.59384998E+00      0.24255615E+01      0.49873344E+00      0.49873344E+00      0.10000000E+01
      0.59433610E+00      0.59433610E+00      0.24265615E+01      0.49955029E+00      0.49955029E+00      0.10000000E+01
      0.59482300E+00      0.59482300E+00      0.24275615E+01      0.50036912E+00      0.50036912E+00      0.10000000E+01
      0.59531069E+00      0.59531069E+00      0.24285615E+01      0.50118996E+00      0.50118996E+00      0.10000000E+01
      0.59579917E+00      0.59579917E+00      0.24295615E+01      0.50201280E+00      0.50201280E+00      0.10000000E+01
      0.59628845E+00      0.59628845E+00      0.24305615E+01      0.50283765E+00      0.50283765E+00      0.10000000E+01
      0.59677851E+00      0.59677851E+00      0.24315615E+01      0.50366452E+00      0.50366452E+00      0.10000000E+01
      0.59726938E+00      0.59726938E+00      0.24325615E+01      0.50449341E+00      0.50449341E+00      0.10000000E+01
      0.59776104E+00      0.59776104E+00      0.24335615E+01      0.50532433E+00      0.50532433E+00      0.10000000E+01
      0.59825350E+00      0.59825350E+00      0.24345615E+01      0.50615729E+00      0.50615729E+00      0.10000000E+01
      0.59874676E+00      0.59874676E+00      0.24355615E+01      0.50699229E+00      0.50699229E+00      0.10000000E+01
      0.59924083E+00      0.59924083E+00      0.24365615E+01      0.50782935E+00      0.50782935E+00      0.10000000E+01
      0.59973570E+00      0.59973570E+00      0.24375615E+01      0.50866846E+00      0.50866846E+00      0.10000000E+01
      0.60023138E+00      0.60023138E+00      0.24385615E+01      0.50950963E+00      0.50950963E+00      0.10000000E+01
      0.60072787E+00      0.60072787E+00      0.24395615E+01      0.51035287E+00      0.51035287E+00      0.10000000E+01
      0.60122518E+00      0.60122518E+00      0.24405615E+01      0.51119820E+00      0.51119820E+00      0.10000000E+01
      0.60172329E+00      0.60172329E+00      0.24415615E+01      0.51204560E+00      0.51204560E+00      0.10000000E+01
      0.60222222E+00      0.60222222E+00      0.24425615E+01      0.51289510E+00      0.51289510E+00      0.10000000E+01
      0.60272197E+00      0.60272197E+00      0.24435615E+01      0.51374670E+00      0.51374670E+00      0.10000000E+01
      0.60322254E+00      0.60322254E+00      0.24445615E+01      0.51460039E+00      0.51460039E+00      0.10000000E+01
      0.60372393E+00      0.60372393E+00      0.24455615E+01      0.51545621E+00      0.51545621E+00      0.10000000E+01
      0.60422614E+00      0.60422614E+00      0.24465615E+01      0.51631414E+00      0.51631414E+00      0.10000000E+01
      0.60472918E+00      0.60472918E+00      0.24475615E+01      0.51717419E+00      0.51717419E+00      0.10000000E+01
      0.60523304E+00      0.60523304E+00      0.24485615E+01      0.51803638E+00      0.51803638E+00      0.10000000E+01
      0.60573774E+00      0.60573774E+00      0.24495615E+01      0.51890070E+00      0.51890070E+00      0.10000000E+01
      0.60624326E+00      0.60624326E+00      0.24505615E+01      0.51976718E+00      0.51976718E+00      0.10000000E+01
      0.60674962E+00      0.60674962E+00      0.24515615E+01      0.52063580E+00      0.52063580E+00      0.10000000E+01
      0.60725682E+00      0.60725682E+00      0.24525615E+01      0.52150659E+00      0.52150659E+00      0.10000000E+01
      0.60776485E+00      0.60776485E+00      0.24535615E+01      0.52237954E+00      0.52237954E+00      0.10000000E+01
      0.60827373E+00      0.60827373E+00      0.24545615E+01      0.52325467E+00      0.52325467E+00      0.10000000E+01
      0.60878344E+00      0.60878344E+00      0.24555615E+01      0.52413199E+00      0.52413199E+00      0.10000000E+01
      0.60929400E+00      0.60929400E+00      0.24565615E+01      0.52501149E+00      0.52501149E+00      0.10000000E+01
      0.60980541E+00      0.60980541E+00      0.24575615E+01      0.52589318E+00      0.52589318E+00      0.10000000E+01
      0.61031766E+00      0.61031766E+00      0.24585615E+01      0.52677708E+00      0.52677708E+00      0.10000000E+01
      0.61083077E+00      0.61083077E+00      0.24595615E+01      0.52766320E+00      0.52766320E+00      0.10000000E+01
      0.61134472E+00      0.61134472E+00      0.24605615E+01      0.52855153E+00      0.52855153E+00      0.10000000E+01
      0.61185953E+00      0.61185953E+00      0.24615615E+01      0.52944208E+00      0.52944208E+00      0.10000000E+01
      0.61237520E+00      0.61237520E+00      0.24625615E+01      0.53033487E+00      0.53033487E+00      0.10000000E+01
      0.61289173E+00      0.61289173E+00      0.24635615E+01      0.53122990E+00      0.53122990E+00      0.10000000E+01
      0.61340911E+00      0.61340911E+00      0.24645615E+01      0.53212718E+00      0.53212718E+00      0.10000000E+01
      0.61392736E+00      0.61392736E+00      0.24655615E+01      0.53302671E+00      0.53302671E+00      0.10000000E+01
      0.61444648E+00      0.61444648E+00      0.24665615E+01      0.53392851E+00      0.53392851E+00      0.10000000E+01
      0.61496646E+00      0.61496646E+00      0.24675615E+01      0.53483258E+00      0.53483258E+00      0.10000000E+01
      0.61548731E+00      0.61548731E+00      0.24685615E+01      0.53573892E+00      0.53573892E+00      0.10000000E+01
      0.61600903E+00      0.61600903E+00      0.24695615E+01      0.53664756E+00      0.53664756E+00      0.10000000E+01
      0.61653163E+00      0.61653163E+00      0.24705615E+01      0.53755848E+00      0.53755848E+00      0.10000000E+01
      0.61705510E+00      0.61705510E+00      0.24715615E+01      0.53847171E+00      0.53847171E+00      0.10000000E+01
      0.61757945E+00      0.61757945E+00      0.24725615E+01      0.53938724E+00      0.53938724E+00      0.10000000E+01
      0.61810468E+00      0.61810468E+00      0.24735615E+01      0.54030509E+00      0.54030509E+00      0.10000000E+01
      0.61863079E+00      0.61863079E+00      0.24745615E+01      0.54122527E+00      0.54122527E+00      0.10000000E+01
      0.61915779E+00      0.61915779E+00      0.24755615E+01      0.54214777E+00      0.54214777E+00      0.10000000E+01
      0.61968567E+00      0.61968567E+00      0.24765615E+01      0.54307262E+00      0.54307262E+00      0.10000000E+01
      0.62021445E+00      0.62021445E+00      0.24775615E+01      0.54399982E+00      0.54399982E+00      0.10000000E+01
      0.62074411E+00      0.62074411E+00      0.24785615E+01      0.54492937E+00      0.54492937E+00      0.10000000E+01
      0.62127467E+00      0.62127467E+00      0.24795615E+01      0.54586128E+00      0.54586128E+00      0.10000000E+01
      0.62180612E+00      0.62180612E+00      0.24805615E+01      0.54679557E+00      0.54679557E+00      0.10000000E+01
      0.62233848E+00      0.62233848E+00      0.24815615E+01      0.54773224E+00      0.54773224E+00      0.10000000E+01
      0.62287173E+00      0.62287173E+00      0.24825615E+01      0.54867129E+00      0.54867129E+00      0.10000000E+01
      0.62340588E+00      0.62340588E+00      0.24835615E+01      0.54961274E+00      0.54961274E+00      0.10000000E+01
      0.62394094E+00      0.62394094E+00      0.24845615E+01      0.55055659E+00      0.55055659E+00      0.10000000E+01
      0.62447691E+00      0.62447691E+00      0.24855615E+01      0.55150286E+00      0.55150286E+00      0.10000000E+01
      0.62501379E+00      0.62501379E+00      0.24865615E+01      0.55245154E+00      0.55245154E+00      0.10000000E+01
      0.62555157E+00      0.62555157E+00      0.24875615E+01      0.55340266E+00      0.55340266E+00      0.10000000E+01
      0.62609028E+00      0.62609028E+00      0.24885615E+01      0.55435621E+00      0.55435621E+00      0.10000000E+01
      0.62662990E+00      0.62662990E+00      0.24895615E+01      0.55531221E+00      0.55531221E+00      0.10000000E+01
      0.62717043E+00      0.62717043E+00      0.24905615E+01      0.55627065E+00      0.55627065E+00      0.10000000E+01
      0.62771189E+00      0.62771189E+00      0.24915615E+01      0.55723156E+00      0.55723156E+00      0.10000000E+01
      0.62825427E+00      0.62825427E+00      0.24925615E+01      0.55819494E+00      0.55819494E+00      0.10000000E+01
      0.62879758E+00      0.62879758E+00      0.24935615E+01      0.55916080E+00      0.55916080E+00      0.10000000E+01
      0.62934181E+00      0.62934181E+00      0.24945615E+01      0.56012915E+00      0.56012915E+00      0.10000000E+01
      0.62988698E+00      0.62988698E+00      0.24955615E+01      0.56109999E+00      0.56109999E+00      0.10000000E+01
      0.63043308E+00      0.63043308E+00      0.24965615E+01      0.56207333E+00      0.56207333E+00      0.10000000E+01
      0.63098011E+00      0.63098011E+00      0.24975615E+01      0.56304919E+00      0.56304919E+00      0.10000000E+01
      0.63152808E+00      0.63152808E+00      0.24985615E+01      0.56402757E+00      0.56402757E+00      0.10000000E+01
      0.63207699E+00      0.63207699E+00      0.24995615E+01      0.56500848E+00      0.56500848E+00      0.10000000E+01
      0.63262685E+00      0.63262685E+00      0.25005615E+01      0.56599192E+00      0.56599192E+00      0.10000000E+01
      0.63317764E+00      0.63317764E+00      0.25015615E+01      0.56697791E+00      0.56697791E+00      0.10000000E+01
      0.63372939E+00      0.63372939E+00      0.25025615E+01      0.56796646E+00      0.56796646E+00      0.10000000E+01
      0.63428208E+00      0.63428208E+00      0.25035615E+01      0.56895758E+00      0.56895758E+00      0.10000000E+01
      0.63483573E+00      0.63483573E+00      0.25045615E+01      0.56995126E+00      0.56995126E+00      0.10000000E+01
      0.63539033E+00      0.63539033E+00      0.25055615E+01      0.57094753E+00      0.57094753E+00      0.10000000E+01
      0.63594589E+00      0.63594589E+00      0.25065615E+01      0.57194639E+00      0.57194639E+00      0.10000000E+01
      0.63650240E+00      0.63650240E+00      0.25075615E+01      0.57294785E+00      0.57294785E+00      0.10000000E+01
      0.63705988E+00      0.63705988E+00      0.25085615E+01      0.57395192E+00      0.57395192E+00      0.10000000E+01
      0.63761833E+00      0.63761833E+00      0.25095615E+01      0.57495860E+00      0.57495860E+00      0.10000000E+01
      0.63817773E+00      0.63817773E+00      0.25105615E+01      0.57596792E+00      0.57596792E+00      0.10000000E+01
      0.63873811E+00      0.63873811E+00      0.25115615E+01      0.57697987E+00      0.57697987E+00      0.10000000E+01
      0.63929946E+00      0.63929946E+00      0.25125615E+01      0.57799446E+00      0.57799446E+00      0.10000000E+01
      0.63986179E+00      0.63986179E+00      0.25135615E+01      0.57901171E+00      0.57901171E+00      0.10000000E+01
      0.64042509E+00      0.64042509E+00      0.25145615E+01      0.58003163E+00      0.58003163E+00      0.10000000E+01
      0.64098937E+00      0.64098937E+00      0.25155615E+01      0.58105421E+00      0.58105421E+00      0.10000000E+01
      0.64155463E+00      0.64155463E+00      0.25165615E+01      0.58207948E+00      0.58207948E+00      0.10000000E+01
      0.64212088E+00      0.64212088E+00      0.25175615E+01      0.58310744E+00      0.58310744E+00      0.10000000E+01
      0.64268811E+00      0.64268811E+00      0.25185615E+01      0.58413810E+00      0.58413810E+00      0.10000000E+01
      0.64325634E+00      0.64325634E+00      0.25195615E+01      0.58517147E+00      0.58517147E+00      0.10000000E+01
      0.64382555E+00      0.64382555E+00      0.25205615E+01      0.58620756E+00      0.58620756E+00      0.10000000E+01
      0.64439576E+00      0.64439576E+00      0.25215615E+01      0.58724638E+00      0.58724638E+00      0.10000000E+01
      0.64496697E+00      0.64496697E+00      0.25225615E+01      0.58828794E+00      0.58828794E+00      0.10000000E+01
      0.64553918E+00      0.64553918E+00      0.25235615E+01      0.58933225E+00      0.58933225E+00      0.10000000E+01
      0.64611239E+00      0.64611239E+00      0.25245615E+01      0.59037931E+00      0.59037931E+00      0.10000000E+01
      0.64668660E+00      0.64668660E+00      0.25255615E+01      0.59142914E+00      0.59142914E+00      0.10000000E+01
      0.64726182E+00      0.64726182E+00      0.25265615E+01      0.59248175E+00      0.59248175E+00      0.10000000E+01
      0.64783805E+00      0.64783805E+00      0.25275615E+01      0.59353715E+00      0.59353715E+00      0.10000000E+01
      0.64841530E+00      0.64841530E+00      0.25285615E+01      0.59459534E+00      0.59459534E+00      0.10000000E+01
      0.64899356E+00      0.64899356E+00      0.25295615E+01      0.59565634E+00      0.59565634E+00      0.10000000E+01
      0.64957284E+00      0.64957284E+00      0.25305615E+01      0.59672016E+00      0.59672016E+00      0.10000000E+01
      0.65015314E+00      0.65015314E+00      0.25315615E+01      0.59778680E+00      0.59778680E+00      0.10000000E+01
      0.65073446E+00      0.65073446E+00      0.25325615E+01      0.59885628E+00      0.59885628E+00      0.10000000E+01
      0.65131681E+00      0.65131681E+00      0.25335615E+01      0.59992861E+00      0.59992861E+00      0.10000000E+01
      0.65190019E+00      0.65190019E+00      0.25345615E+01      0.60100379E+00      0.60100379E+00      0.10000000E+01
      0.65248460E+00      0.65248460E+00      0.25355615E+01      0.60208184E+00      0.60208184E+00      0.10000000E+01
      0.65307004E+00      0.65307004E+00      0.25365615E+01      0.60316277E+00      0.60316277E+00      0.10000000E+01
      0.65365652E+00      0.65365652E+00      0.25375615E+01      0.60424658E+00      0.60424658E+00      0.10000000E+01
      0.65424405E+00      0.65424405E+00      0.25385615E+01      0.60533329E+00      0.60533329E+00      0.10000000E+01
      0.65483261E+00      0.65483261E+00      0.25395615E+01      0.60642290E+00      0.60642290E+00      0.10000000E+01
      0.65542222E+00      0.65542222E+00      0.25405615E+01      0.60751544E+00      0.60751544E+00      0.10000000E+01
      0.65601288E+00      0.65601288E+00      0.25415615E+01      0.60861090E+00      0.60861090E+00      0.10000000E+01
      0.65660458E+00      0.65660458E+00      0.25425615E+01      0.60970930E+00      0.60970930E+00      0.10000000E+01
      0.65719735E+00      0.65719735E+00      0.25435615E+01      0.61081065E+00      0.61081065E+00      0.10000000E+01
      0.65779116E+00      0.65779116E+00      0.25445615E+01      0.61191496E+00      0.61191496E+00      0.10000000E+01
      0.65838604E+00      0.65838604E+00      0.25455615E+01      0.61302223E+00      0.61302223E+00      0.10000000E+01
      0.65898198E+00      0.65898198E+00      0.25465615E+01      0.61413249E+00      0.61413249E+00      0.10000000E+01
      0.65957898E+00      0.65957898E+00      0.25475615E+01      0.61524574E+00      0.61524574E+00      0.10000000E+01
      0.66017706E+00      0.66017706E+00      0.25485615E+01      0.61636199E+00      0.61636199E+00      0.10000000E+01
      0.66077620E+00      0.66077620E+00      0.25495615E+01      0.61748126E+00      0.61748126E+00      0.10000000E+01
      0.66137641E+00      0.66137641E+00      0.25505615E+01      0.61860354E+00      0.61860354E+00      0.10000000E+01
      0.66197771E+00      0.66197771E+00      0.25515615E+01      0.61972886E+00      0.61972886E+00      0.10000000E+01
      0.66258008E+00      0.66258008E+00      0.25525615E+01      0.62085723E+00      0.62085723E+00      0.10000000E+01
      0.66318353E+00      0.66318353E+00      0.25535615E+01      0.62198865E+00      0.62198865E+00      0.10000000E+01
      0.66378807E+00      0.66378807E+00      0.25545615E+01      0.62312314E+00      0.62312314E+00      0.10000000E+01
      0.66439369E+00      0.66439369E+00      0.25555615E+01      0.62426071E+00      0.62426071E+00      0.10000000E+01
      0.66500041E+00      0.66500041E+00      0.25565615E+01      0.62540136E+00      0.62540136E+00      0.10000000E+01
      0.66560822E+00      0.66560822E+00      0.25575615E+01      0.62654512E+00      0.62654512E+00      0.10000000E+01
      0.66621712E+00      0.66621712E+00      0.25585615E+01      0.62769198E+00      0.62769198E+00      0.10000000E+01
      0.66682713E+00      0.66682713E+00      0.25595615E+01      0.62884197E+00      0.62884197E+00      0.10000000E+01
      0.66743824E+00      0.66743824E+00      0.25605615E+01      0.62999509E+00      0.62999509E+00      0.10000000E+01
      0.66805045E+00      0.66805045E+00      0.25615615E+01      0.63115136E+00      0.63115136E+00      0.10000000E+01
      0.66866377E+00      0.66866377E+00      0.25625615E+01      0.63231078E+00      0.63231078E+00      0.10000000E+01
      0.66927821E+00      0.66927821E+00      0.25635615E+01      0.63347338E+00      0.63347338E+00      0.10000000E+01
      0.66989376E+00      0.66989376E+00      0.25645615E+01      0.63463915E+00      0.63463915E+00      0.10000000E+01
      0.67051042E+00      0.67051042E+00      0.25655615E+01      0.63580811E+00      0.63580811E+00      0.10000000E+01
      0.67112821E+00      0.67112821E+00      0.25665615E+01      0.63698027E+00      0.63698027E+00      0.10000000E+01
      0.67174712E+00      0.67174712E+00      0.25675615E+01      0.63815565E+00      0.63815565E+00      0.10000000E+01
      0.67236715E+00      0.67236715E+00      0.25685615E+01      0.63933425E+00      0.63933425E+00      0.10000000E+01
      0.67298832E+00      0.67298832E+00      0.25695615E+01      0.64051609E+00      0.64051609E+00      0.10000000E+01
      0.67361061E+00      0.67361061E+00      0.25705615E+01      0.64170118E+00      0.64170118E+00      0.10000000E+01
      0.67423405E+00      0.67423405E+00      0.25715615E+01      0.64288953E+00      0.64288953E+00      0.10000000E+01
      0.67485862E+00      0.67485862E+00      0.25725615E+01      0.64408116E+00      0.64408116E+00      0.10000000E+01
      0.67548433E+00      0.67548433E+00      0.25735615E+01      0.64527607E+00      0.64527607E+00      0.10000000E+01
      0.67611119E+00      0.67611119E+00      0.25745615E+01      0.64647427E+00      0.64647427E+00      0.10000000E+01
      0.67673920E+00      0.67673920E+00      0.25755615E+01      0.64767578E+00      0.64767578E+00      0.10000000E+01
      0.67736835E+00      0.67736835E+00      0.25765615E+01      0.64888062E+00      0.64888062E+00      0.10000000E+01
      0.67799867E+00      0.67799867E+00      0.25775615E+01      0.65008879E+00      0.65008879E+00      0.10000000E+01
      0.67863014E+00      0.67863014E+00      0.25785615E+01      0.65130030E+00      0.65130030E+00      0.10000000E+01
      0.67926277E+00      0.67926277E+00      0.25795615E+01      0.65251517E+00      0.65251517E+00      0.10000000E+01
      0.67989656E+00      0.67989656E+00      0.25805615E+01      0.65373341E+00      0.65373341E+00      0.10000000E+01
      0.68053152E+00      0.68053152E+00      0.25815615E+01      0.65495504E+00      0.65495504E+00      0.10000000E+01
      0.68116765E+00      0.68116765E+00      0.25825615E+01      0.65618006E+00      0.65618006E+00      0.10000000E+01
      0.68180495E+00      0.68180495E+00      0.25835615E+01      0.65740848E+00      0.65740848E+00      0.10000000E+01
      0.68244344E+00      0.68244344E+00      0.25845615E+01      0.65864033E+00      0.65864033E+00      0.10000000E+01
      0.68308310E+00      0.68308310E+00      0.25855615E+01      0.65987561E+00      0.65987561E+00      0.10000000E+01
      0.68372394E+00      0.68372394E+00      0.25865615E+01      0.66111433E+00      0.66111433E+00      0.10000000E+01
      0.68436597E+00      0.68436597E+00      0.25875615E+01      0.66235651E+00      0.66235651E+00      0.10000000E+01
      0.68500919E+00      0.68500919E+00      0.25885615E+01      0.66360216E+00      0.66360216E+00      0.10000000E+01
      0.68565360E+00      0.68565360E+00      0.25895615E+01      0.66485130E+00      0.66485130E+00      0.10000000E+01
      0.68629921E+00      0.68629921E+00      0.25905615E+01      0.66610393E+00      0.66610393E+00      0.10000000E+01
      0.68694602E+00      0.68694602E+00      0.25915615E+01      0.66736007E+00      0.66736007E+00      0.10000000E+01
      0.68759403E+00      0.68759403E+00      0.25925615E+01      0.66861974E+00      0.66861974E+00      0.10000000E+01
      0.68824325E+00      0.68824325E+00      0.25935615E+01      0.66988294E+00      0.66988294E+00      0.10000000E+01
      0.68889367E+00      0.68889367E+00      0.25945615E+01      0.67114969E+00      0.67114969E+00      0.10000000E+01
      0.68954531E+00      0.68954531E+00      0.25955615E+01      0.67242000E+00      0.67242000E+00      0.10000000E+01
      0.69019817E+00      0.69019817E+00      0.25965615E+01      0.67369388E+00      0.67369388E+00      0.10000000E+01
      0.69085224E+00      0.69085224E+00      0.25975615E+01      0.67497135E+00      0.67497135E+00      0.10000000E+01
      0.69150754E+00      0.69150754E+00      0.25985615E+01      0.67625243E+00      0.67625243E+00      0.10000000E+01
      0.69216407E+00      0.69216407E+00      0.25995615E+01      0.67753712E+00      0.67753712E+00      0.10000000E+01
      0.69282182E+00      0.69282182E+00      0.26005615E+01      0.67882544E+00      0.67882544E+00      0.10000000E+01
      0.69348081E+00      0.69348081E+00      0.26015615E+01      0.68011740E+00      0.68011740E+00      0.10000000E+01
      0.69414103E+00      0.69414103E+00      0.26025615E+01      0.68141302E+00      0.68141302E+00      0.10000000E+01
      0.69480249E+00      0.69480249E+00      0.26035615E+01      0.68271231E+00      0.68271231E+00      0.10000000E+01
      0.69546520E+00      0.69546520E+00      0.26045615E+01      0.68401528E+00      0.68401528E+00      0.10000000E+01
      0.69612915E+00      0.69612915E+00      0.26055615E+01      0.68532195E+00      0.68532195E+00      0.10000000E+01
      0.69679436E+00      0.69679436E+00      0.26065615E+01      0.68663233E+00      0.68663233E+00      0.10000000E+01
      0.69746082E+00      0.69746082E+00      0.26075615E+01      0.68794644E+00      0.68794644E+00      0.10000000E+01
      0.69812853E+00      0.69812853E+00      0.26085615E+01      0.68926428E+00      0.68926428E+00      0.10000000E+01
      0.69879751E+00      0.69879751E+00      0.26095615E+01      0.69058588E+00      0.69058588E+00      0.10000000E+01
      0.69946775E+00      0.69946775E+00      0.26105615E+01      0.69191125E+00      0.69191125E+00      0.10000000E+01
      0.70013926E+00      0.70013926E+00      0.26115615E+01      0.69324040E+00      0.69324040E+00      0.10000000E+01
      0.70081204E+00      0.70081204E+00      0.26125615E+01      0.69457334E+00      0.69457334E+00      0.10000000E+01
      0.70148610E+00      0.70148610E+00      0.26135615E+01      0.69591010E+00      0.69591010E+00      0.10000000E+01
      0.70216144E+00      0.70216144E+00      0.26145615E+01      0.69725068E+00      0.69725068E+00      0.10000000E+01
      0.70283805E+00      0.70283805E+00      0.26155615E+01      0.69859510E+00      0.69859510E+00      0.10000000E+01
      0.70351596E+00      0.70351596E+00      0.26165615E+01      0.69994337E+00      0.69994337E+00      0.10000000E+01
      0.70419515E+00      0.70419515E+00      0.26175615E+01      0.70129551E+00      0.70129551E+00      0.10000000E+01
      0.70487564E+00      0.70487564E+00      0.26185615E+01      0.70265154E+00      0.70265154E+00      0.10000000E+01
      0.70555742E+00      0.70555742E+00      0.26195615E+01      0.70401146E+00      0.70401146E+00      0.10000000E+01
      0.70624051E+00      0.70624051E+00      0.26205615E+01      0.70537530E+00      0.70537530E+00      0.10000000E+01
      0.70692490E+00      0.70692490E+00      0.26215615E+01      0.70674306E+00      0.70674306E+00      0.10000000E+01
      0.70761060E+00      0.70761060E+00      0.26225615E+01      0.70811477E+00      0.70811477E+00      0.10000000E+01
      0.70829761E+00      0.70829761E+00      0.26235615E+01      0.70949044E+00      0.70949044E+00      0.10000000E+01
      0.70898593E+00      0.70898593E+00      0.26245615E+01      0.71087007E+00      0.71087007E+00      0.10000000E+01
      0.70967558E+00      0.70967558E+00      0.26255615E+01      0.71225370E+00      0.71225370E+00      0.10000000E+01
      0.71036654E+00      0.71036654E+00      0.26265615E+01      0.71364133E+00      0.71364133E+00      0.10000000E+01
      0.71105884E+00      0.71105884E+00      0.26275615E+01      0.71503298E+00      0.71503298E+00      0.10000000E+01
      0.71175246E+00      0.71175246E+00      0.26285615E+01      0.71642866E+00      0.71642866E+00      0.10000000E+01
      0.71244742E+00      0.71244742E+00      0.26295615E+01      0.71782840E+00      0.71782840E+00      0.10000000E+01
      0.71314372E+00      0.71314372E+00      0.26305615E+01      0.71923220E+00      0.71923220E+00      0.10000000E+01
      0.71384136E+00      0.71384136E+00      0.26315615E+01      0.72064008E+00      0.72064008E+00      0.10000000E+01
      0.71454034E+00      0.71454034E+00      0.26325615E+01      0.72205205E+00      0.72205205E+00      0.10000000E+01
      0.71524068E+00      0.71524068E+00      0.26335615E+01      0.72346814E+00      0.72346814E+00      0.10000000E+01
      0.71594237E+00      0.71594237E+00      0.26345615E+01      0.72488836E+00      0.72488836E+00      0.10000000E+01
      0.71664541E+00      0.71664541E+00      0.26355615E+01      0.72631272E+00      0.72631272E+00      0.10000000E+01
      0.71734982E+00      0.71734982E+00      0.26365615E+01      0.72774124E+00      0.72774124E+00      0.10000000E+01
      0.71805560E+00      0.71805560E+00      0.26375615E+01      0.72917394E+00      0.72917394E+00      0.10000000E+01
      0.71876274E+00      0.71876274E+00      0.26385615E+01      0.73061083E+00      0.73061083E+00      0.10000000E+01
      0.71947126E+00      0.71947126E+00      0.26395615E+01      0.73205193E+00      0.73205193E+00      0.10000000E+01
      0.72018115E+00      0.72018115E+00      0.26405615E+01      0.73349726E+00      0.73349726E+00      0.10000000E+01
      0.72089242E+00      0.72089242E+00      0.26415615E+01      0.73494683E+00      0.73494683E+00      0.10000000E+01
      0.72160508E+00      0.72160508E+00      0.26425615E+01      0.73640065E+00      0.73640065E+00      0.10000000E+01
      0.72231913E+00      0.72231913E+00      0.26435615E+01      0.73785875E+00      0.73785875E+00      0.10000000E+01
      0.72303457E+00      0.72303457E+00      0.26445615E+01      0.73932115E+00      0.73932115E+00      0.10000000E+01
      0.72375141E+00      0.72375141E+00      0.26455615E+01      0.74078785E+00      0.74078785E+00      0.10000000E+01
      0.72446965E+00      0.72446965E+00      0.26465615E+01      0.74225887E+00      0.74225887E+00      0.10000000E+01
      0.72518930E+00      0.72518930E+00      0.26475615E+01      0.74373424E+00      0.74373424E+00      0.10000000E+01
      0.72591036E+00      0.72591036E+00      0.26485615E+01      0.74521396E+00      0.74521396E+00      0.10000000E+01
      0.72663283E+00      0.72663283E+00      0.26495615E+01      0.74669806E+00      0.74669806E+00      0.10000000E+01
      0.72735671E+00      0.72735671E+00      0.26505615E+01      0.74818656E+00      0.74818656E+00      0.10000000E+01
      0.72808202E+00      0.72808202E+00      0.26515615E+01      0.74967946E+00      0.74967946E+00      0.10000000E+01
      0.72880876E+00      0.72880876E+00      0.26525615E+01      0.75117679E+00      0.75117679E+00      0.10000000E+01
      0.72953692E+00      0.72953692E+00      0.26535615E+01      0.75267857E+00      0.75267857E+00      0.10000000E+01
      0.73026652E+00      0.73026652E+00      0.26545615E+01      0.75418481E+00      0.75418481E+00      0.10000000E+01
      0.73099756E+00      0.73099756E+00      0.26555615E+01      0.75569553E+00      0.75569553E+00      0.10000000E+01
      0.73173004E+00      0.73173004E+00      0.26565615E+01      0.75721075E+00      0.75721075E+00      0.10000000E+01
      0.73246397E+00      0.73246397E+00      0.26575615E+01      0.75873048E+00      0.75873048E+00      0.10000000E+01
      0.73319935E+00      0.73319935E+00      0.26585615E+01      0.76025474E+00      0.76025474E+00      0.10000000E+01
      0.73393618E+00      0.73393618E+00      0.26595615E+01      0.76178356E+00      0.76178356E+00      0.10000000E+01
      0.73467448E+00      0.73467448E+00      0.26605615E+01      0.76331695E+00      0.76331695E+00      0.10000000E+01
      0.73541424E+00      0.73541424E+00      0.26615615E+01      0.76485492E+00      0.76485492E+00      0.10000000E+01
      0.73615546E+00      0.73615546E+00      0.26625615E+01      0.76639750E+00      0.76639750E+00      0.10000000E+01
      0.73689817E+00      0.73689817E+00      0.26635615E+01      0.76794470E+00      0.76794470E+00      0.10000000E+01
      0.73764234E+00      0.73764234E+00      0.26645615E+01      0.76949655E+00      0.76949655E+00      0.10000000E+01
      0.73838800E+00      0.73838800E+00      0.26655615E+01      0.77105305E+00      0.77105305E+00      0.10000000E+01
      0.73913515E+00      0.73913515E+00      0.26665615E+01      0.77261423E+00      0.77261423E+00      0.10000000E+01
      0.73988378E+00      0.73988378E+00      0.26675615E+01      0.77418011E+00      0.77418011E+00      0.10000000E+01
      0.74063391E+00      0.74063391E+00      0.26685615E+01      0.77575071E+00      0.77575071E+00      0.10000000E+01
      0.74138554E+00      0.74138554E+00      0.26695615E+01      0.77732605E+00      0.77732605E+00      0.10000000E+01
      0.74213867E+00      0.74213867E+00      0.26705615E+01      0.77890613E+00      0.77890613E+00      0.10000000E+01
      0.74289331E+00      0.74289331E+00      0.26715615E+01      0.78049099E+00      0.78049099E+00      0.10000000E+01
      0.74364947E+00      0.74364947E+00      0.26725615E+01      0.78208064E+00      0.78208064E+00      0.10000000E+01
      0.74440714E+00      0.74440714E+00      0.26735615E+01      0.78367511E+00      0.78367511E+00      0.10000000E+01
      0.74516633E+00      0.74516633E+00      0.26745615E+01      0.78527440E+00      0.78527440E+00      0.10000000E+01
      0.74592704E+00      0.74592704E+00      0.26755615E+01      0.78687855E+00      0.78687855E+00      0.10000000E+01
      0.74668929E+00      0.74668929E+00      0.26765615E+01      0.78848756E+00      0.78848756E+00      0.10000000E+01
      0.74745308E+00      0.74745308E+00      0.26775615E+01      0.79010146E+00      0.79010146E+00      0.10000000E+01
      0.74821840E+00      0.74821840E+00      0.26785615E+01      0.79172027E+00      0.79172027E+00      0.10000000E+01
      0.74898527E+00      0.74898527E+00      0.26795615E+01      0.79334401E+00      0.79334401E+00      0.10000000E+01
      0.74975369E+00      0.74975369E+00      0.26805615E+01      0.79497270E+00      0.79497270E+00      0.10000000E+01
      0.75052366E+00      0.75052366E+00      0.26815615E+01      0.79660636E+00      0.79660636E+00      0.10000000E+01
      0.75129519E+00      0.75129519E+00      0.26825615E+01      0.79824501E+00      0.79824501E+00      0.10000000E+01
      0.75206828E+00      0.75206828E+00      0.26835615E+01      0.79988866E+00      0.79988866E+00      0.10000000E+01
      0.75284294E+00      0.75284294E+00      0.26845615E+01      0.80153734E+00      0.80153734E+00      0.10000000E+01
      0.75361917E+00      0.75361917E+00      0.26855615E+01      0.80319108E+00      0.80319108E+00      0.10000000E+01
      0.75439698E+00      0.75439698E+00      0.26865615E+01      0.80484988E+00      0.80484988E+00      0.10000000E+01
      0.75517637E+00      0.75517637E+00      0.26875615E+01      0.80651377E+00      0.80651377E+00      0.10000000E+01
      0.75595735E+00      0.75595735E+00      0.26885615E+01      0.80818278E+00      0.80818278E+00      0.10000000E+01
      0.75673992E+00      0.75673992E+00      0.26895615E+01      0.80985691E+00      0.80985691E+00      0.10000000E+01
      0.75752409E+00      0.75752409E+00      0.26905615E+01      0.81153620E+00      0.81153620E+00      0.10000000E+01
      0.75830986E+00      0.75830986E+00      0.26915615E+01      0.81322066E+00      0.81322066E+00      0.10000000E+01
      0.75909724E+00      0.75909724E+00      0.26925615E+01      0.81491032E+00      0.81491032E+00      0.10000000E+01
      0.75988622E+00      0.75988622E+00      0.26935615E+01      0.81660519E+00      0.81660519E+00      0.10000000E+01
      0.76067682E+00      0.76067682E+00      0.26945615E+01      0.81830530E+00      0.81830530E+00      0.10000000E+01
      0.76146905E+00      0.76146905E+00      0.26955615E+01      0.82001067E+00      0.82001067E+00      0.10000000E+01
      0.76226289E+00      0.76226289E+00      0.26965615E+01      0.82172132E+00      0.82172132E+00      0.10000000E+01
      0.76305837E+00      0.76305837E+00      0.26975615E+01      0.82343728E+00      0.82343728E+00      0.10000000E+01
      0.76385549E+00      0.76385549E+00      0.26985615E+01      0.82515855E+00      0.82515855E+00      0.10000000E+01
      0.76465424E+00      0.76465424E+00      0.26995615E+01      0.82688517E+00      0.82688517E+00      0.10000000E+01
      0.76545465E+00      0.76545465E+00      0.27005615E+01      0.82861716E+00      0.82861716E+00      0.10000000E+01
      0.76625670E+00      0.76625670E+00      0.27015615E+01      0.83035454E+00      0.83035454E+00      0.10000000E+01
      0.76706041E+00      0.76706041E+00      0.27025615E+01      0.83209733E+00      0.83209733E+00      0.10000000E+01
      0.76786578E+00      0.76786578E+00      0.27035615E+01      0.83384556E+00      0.83384556E+00      0.10000000E+01
      0.76867281E+00      0.76867281E+00      0.27045615E+01      0.83559924E+00      0.83559924E+00      0.10000000E+01
      0.76948152E+00      0.76948152E+00      0.27055615E+01      0.83735840E+00      0.83735840E+00      0.10000000E+01
      0.77029190E+00      0.77029190E+00      0.27065615E+01      0.83912307E+00      0.83912307E+00      0.10000000E+01
      0.77110396E+00      0.77110396E+00      0.27075615E+01      0.84089326E+00      0.84089326E+00      0.10000000E+01
      0.77191772E+00      0.77191772E+00      0.27085615E+01      0.84266899E+00      0.84266899E+00      0.10000000E+01
      0.77273316E+00      0.77273316E+00      0.27095615E+01      0.84445030E+00      0.84445030E+00      0.10000000E+01
      0.77355030E+00      0.77355030E+00      0.27105615E+01      0.84623720E+00      0.84623720E+00      0.10000000E+01
      0.77436914E+00      0.77436914E+00      0.27115615E+01      0.84802972E+00      0.84802972E+00      0.10000000E+01
      0.77518969E+00      0.77518969E+00      0.27125615E+01      0.84982788E+00      0.84982788E+00      0.10000000E+01
      0.77601195E+00      0.77601195E+00      0.27135615E+01      0.85163170E+00      0.85163170E+00      0.10000000E+01
      0.77683593E+00      0.77683593E+00      0.27145615E+01      0.85344121E+00      0.85344121E+00      0.10000000E+01
      0.77766164E+00      0.77766164E+00      0.27155615E+01      0.85525643E+00      0.85525643E+00      0.10000000E+01
      0.77848907E+00      0.77848907E+00      0.27165615E+01      0.85707739E+00      0.85707739E+00      0.10000000E+01
      0.77931824E+00      0.77931824E+00      0.27175615E+01      0.85890411E+00      0.85890411E+00      0.10000000E+01
      0.78014915E+00      0.78014915E+00      0.27185615E+01      0.86073661E+00      0.86073661E+00      0.10000000E+01
      0.78098180E+00      0.78098180E+00      0.27195615E+01      0.86257491E+00      0.86257491E+00      0.10000000E+01
      0.78181620E+00      0.78181620E+00      0.27205615E+01      0.86441905E+00      0.86441905E+00      0.10000000E+01
      0.78265236E+00      0.78265236E+00      0.27215615E+01      0.86626905E+00      0.86626905E+00      0.10000000E+01
      0.78349028E+00      0.78349028E+00      0.27225615E+01      0.86812493E+00      0.86812493E+00      0.10000000E+01
      0.78432997E+00      0.78432997E+00      0.27235615E+01      0.86998671E+00      0.86998671E+00      0.10000000E+01
      0.78517143E+00      0.78517143E+00      0.27245615E+01      0.87185442E+00      0.87185442E+00      0.10000000E+01
      0.78601467E+00      0.78601467E+00      0.27255615E+01      0.87372809E+00      0.87372809E+00      0.10000000E+01
      0.78685969E+00      0.78685969E+00      0.27265615E+01      0.87560775E+00      0.87560775E+00      0.10000000E+01
      0.78770650E+00      0.78770650E+00      0.27275615E+01      0.87749340E+00      0.87749340E+00      0.10000000E+01
      0.78855511E+00      0.78855511E+00      0.27285615E+01      0.87938509E+00      0.87938509E+00      0.10000000E+01
      0.78940552E+00      0.78940552E+00      0.27295615E+01      0.88128284E+00      0.88128284E+00      0.10000000E+01
      0.79025773E+00      0.79025773E+00      0.27305615E+01      0.88318667E+00      0.88318667E+00      0.10000000E+01
      0.79111176E+00      0.79111176E+00      0.27315615E+01      0.88509660E+00      0.88509660E+00      0.10000000E+01
      0.79196760E+00      0.79196760E+00      0.27325615E+01      0.88701267E+00      0.88701267E+00      0.10000000E+01
      0.79282527E+00      0.79282527E+00      0.27335615E+01      0.88893491E+00      0.88893491E+00      0.10000000E+01
      0.79368476E+00      0.79368476E+00      0.27345615E+01      0.89086333E+00      0.89086333E+00      0.10000000E+01
      0.79454609E+00      0.79454609E+00      0.27355615E+01      0.89279796E+00      0.89279796E+00      0.10000000E+01
      0.79540926E+00      0.79540926E+00      0.27365615E+01      0.89473883E+00      0.89473883E+00      0.10000000E+01
