 injection           0           8           8   0.0000000000000000        100000.00000000000        3.5399556643514793E-004   0.0000000000000000               10           1
 injection           0           8           8   9.3983059421594393E-005   100000.00000000000        3.5399556643514793E-004   7.1553125714956286E-004          10           1
 injection           0           8           8   5.8668406842349516E-003   100000.00000000000        3.5399556643514793E-004   4.1343051830451838E-002          10           1
 injection           0           8           8   2.5303134400556690E-002   100000.00000000000        3.5399556643514793E-004   9.8314048840585963E-002          10           1
 injection           0           8           8   6.5484737080447164E-002   100000.00000000000        3.5399556643514793E-004  0.15856179483395724               10           1
 injection           0           8           8  0.13259083294191040        100000.00000000000        3.5399556643514793E-004  0.21913057739284600               10           1
 injection           0           8           8  0.23189791754889416        100000.00000000000        3.5399556643514793E-004  0.28373596880491753               10           1
 injection           0           8           8  0.36777979781128978        100000.00000000000        3.5399556643514793E-004  0.36033012351745425               10           1
 injection           0           8           8  0.54370759198493246        100000.00000000000        3.5399556643514793E-004  0.45705760016825159               10           1
 injection           0           8           8  0.76224972967160087        100000.00000000000        3.5399556643514793E-004  0.57813748128384013               10           1
 injection           1           8           8   1.0250719518190174        100000.00000000000        3.5399556643514793E-004  0.72125077612220911               10           1
 injection           0           8           8  0.33293731072084831        100000.00000000000        3.5399556643514793E-004  0.87743809739528855               10           1
 injection           0           8           8  0.68570617001670342        100000.00000000000        3.5399556643514793E-004   1.0335555090127637               10           1
 injection           1           8           8   1.0823362046921365        100000.00000000000        3.5399556643514793E-004   1.1763597429542370               10           1
 injection           0           8           8  0.52088240107864503        100000.00000000000        3.5399556643514793E-004   1.2966504958613230               10           1
 injection           0           8           8  0.99849705685367063        100000.00000000000        3.5399556643514793E-004   1.3918321253146479               10           1
 injection           1           8           8   1.5114297810405977        100000.00000000000        3.5399556643514793E-004   1.4658586467225181               10           1
 injection           1           8           8   1.0550274940087543        100000.00000000000        3.5399556643514793E-004   1.5266094670876360               10           1
 injection           0           8           8  0.62373442747341346        100000.00000000000        3.5399556643514793E-004   1.5818083805096836               10           1
 injection           1           8           8   1.2110921244957913        100000.00000000000        3.5399556643514793E-004   1.6351184027966366               10           1
 injection           0           8           8  0.80973943948304705        100000.00000000000        3.5399556643514793E-004   1.6838627823040586               10           1
 injection           1           8           8   1.4115185496010150        100000.00000000000        3.5399556643514793E-004   1.7194446618281645               10           1
 injection           1           8           8   1.0132976597189827        100000.00000000000        3.5399556643514793E-004   1.7460755010190083               10           1
 injection           0           8           8  0.61507676983695048        100000.00000000000        3.5399556643514793E-004   1.7626196694361629               10           1
 injection           1           8           8   1.2168558799549183        100000.00000000000        3.5399556643514793E-004   1.7627622577187834               10           1
 injection           0           8           8  0.81863499007288609        100000.00000000000        3.5399556643514793E-004   1.7464605064772700               10           1
 injection           1           8           8   1.4204141001908539        100000.00000000000        3.5399556643514793E-004   1.7199441129666351               10           1
 injection           1           8           8   1.0221932103088216        100000.00000000000        3.5399556643514793E-004   1.6933332283796119               10           1
 injection           0           8           8  0.62397232042678941        100000.00000000000        3.5399556643514793E-004   1.6767857312295906               10           1
 injection           1           8           8   1.2257514305447572        100000.00000000000        3.5399556643514793E-004   1.6766243799299159               10           1
 injection           0           8           8  0.82753054066272502        100000.00000000000        3.5399556643514793E-004   1.6929183764361386               10           1
 injection           1           8           8   1.4293096507806928        100000.00000000000        3.5399556643514793E-004   1.7194491730145238               10           1
 injection           1           8           8   1.0310887608986605        100000.00000000000        3.5399556643514793E-004   1.7460785518826840               10           1
 injection           0           8           8  0.63286787101662834        100000.00000000000        3.5399556643514793E-004   1.7626254726926016               10           1
 injection           1           8           8   1.2346469811345961        100000.00000000000        3.5399556643514793E-004   1.7627693998300056               10           1
 injection           0           8           8  0.83642609125256395        100000.00000000000        3.5399556643514793E-004   1.7464654620635771               10           1
 injection           1           8           8   1.4382052013705318        100000.00000000000        3.5399556643514793E-004   1.7199455423506338               10           1
 injection           1           8           8   1.0399843114884995        100000.00000000000        3.5399556643514793E-004   1.6933321513302200               10           1
 injection           0           8           8  0.64176342160646727        100000.00000000000        3.5399556643514793E-004   1.6767837587191921               10           1
 injection           1           8           8   1.2435425317244351        100000.00000000000        3.5399556643514793E-004   1.6766232555865952               10           1
 injection           0           8           8  0.84532164184240288        100000.00000000000        3.5399556643514793E-004   1.6929197583432176               10           1
 injection           1           8           8   1.4471007519603707        100000.00000000000        3.5399556643514793E-004   1.7194537397133927               10           1
 injection           1           8           8   1.0488798620783384        100000.00000000000        3.5399556643514793E-004   1.7460855587640038               10           1
 injection           0           8           8  0.65065897219630620        100000.00000000000        3.5399556643514793E-004   1.7626332674444385               10           1
 injection           1           8           8   1.2524380823142740        100000.00000000000        3.5399556643514793E-004   1.7627762076382729               10           1
 injection           0           8           8  0.85421719243224181        100000.00000000000        3.5399556643514793E-004   1.7464699956622660               10           1
 injection           1           8           8   1.4559963025502096        100000.00000000000        3.5399556643514793E-004   1.7199474060729112               10           1
 injection           1           8           8   1.0577754126681773        100000.00000000000        3.5399556643514793E-004   1.6933319203753967               10           1
 injection           0           8           8  0.65955452278614513        100000.00000000000        3.5399556643514793E-004   1.6767827091841665               10           1
 injection           1           8           8   1.2613336329041129        100000.00000000000        3.5399556643514793E-004   1.6766229178455254               10           1
 injection           0           8           8  0.86311274302208074        100000.00000000000        3.5399556643514793E-004   1.6929213939169006               10           1
 injection           1           8           8   1.4648918531400485        100000.00000000000        3.5399556643514793E-004   1.7194578253160615               10           1
 injection           1           8           8   1.0666709632580162        100000.00000000000        3.5399556643514793E-004   1.7460915499395213               10           1
 injection           0           8           8  0.66845007337598406        100000.00000000000        3.5399556643514793E-004   1.7626398678981563               10           1
 injection           1           8           8   1.2702291834939519        100000.00000000000        3.5399556643514793E-004   1.7627819835950029               10           1
 injection           0           8           8  0.87200829361191967        100000.00000000000        3.5399556643514793E-004   1.7464739417793773               10           1
 injection           1           8           8   1.4737874037298875        100000.00000000000        3.5399556643514793E-004   1.7199492339926450               10           1
 injection           1           8           8   1.0755665138478552        100000.00000000000        3.5399556643514793E-004   1.6933320789725113               10           1
 injection           0           8           8  0.67734562396582298        100000.00000000000        3.5399556643514793E-004   1.6767821970217112               10           1
 injection           1           8           8   1.2791247340837908        100000.00000000000        3.5399556643514793E-004   1.6766229315978318               10           1
 injection           0           8           8  0.88090384420175860        100000.00000000000        3.5399556643514793E-004   1.6929228909232037               10           1
 injection           1           8           8   1.4826829543197264        100000.00000000000        3.5399556643514793E-004   1.7194611375579241               10           1
 injection           1           8           8   1.0844620644376941        100000.00000000000        3.5399556643514793E-004   1.7460962376521050               10           1
 injection           0           8           8  0.68624117455566191        100000.00000000000        3.5399556643514793E-004   1.7626449387570031               10           1
 injection           1           8           8   1.2880202846736297        100000.00000000000        3.5399556643514793E-004   1.7627863653852023               10           1
 injection           0           8           8  0.88979939479159753        100000.00000000000        3.5399556643514793E-004   1.7464769137716138               10           1
 injection           1           8           8   1.4915785049095653        100000.00000000000        3.5399556643514793E-004   1.7199506243033622               10           1
 injection           1           8           8   1.0933576150275330        100000.00000000000        3.5399556643514793E-004   1.6933322462516893               10           1
 injection           0           8           8  0.69513672514550084        100000.00000000000        3.5399556643514793E-004   1.6767818708701390               10           1
 injection           1           8           8   1.2969158352634687        100000.00000000000        3.5399556643514793E-004   1.6766229516117386               10           1
 injection           0           8           8  0.89869494538143646        100000.00000000000        3.5399556643514793E-004   1.6929239005356425               10           1
 injection           1           8           8   1.5004740554994043        100000.00000000000        3.5399556643514793E-004   1.7194633339771919               10           1
 injection           1           8           8   1.1022531656173720        100000.00000000000        3.5399556643514793E-004   1.7460993001855747               10           1
 injection           0           8           8  0.70403227573533977        100000.00000000000        3.5399556643514793E-004   1.7626481988955227               10           1
 injection           1           8           8   1.3058113858533076        100000.00000000000        3.5399556643514793E-004   1.7627891269301059               10           1
 injection           0           8           8  0.90759049597127539        100000.00000000000        3.5399556643514793E-004   1.7464787278257259               10           1
 injection           1           8           8   1.5093696060892432        100000.00000000000        3.5399556643514793E-004   1.7199514028317238               10           1
 injection           1           8           8   1.1111487162072109        100000.00000000000        3.5399556643514793E-004   1.6933322359963021               10           1
 injection           0           8           8  0.71292782632517870        100000.00000000000        3.5399556643514793E-004   1.6767815416212410               10           1
 injection           1           8           8   1.3147069364431465        100000.00000000000        3.5399556643514793E-004   1.6766228279370139               10           1
 injection           0           8           8  0.91648604656111432        100000.00000000000        3.5399556643514793E-004   1.6929243740592821               10           1
 injection           1           8           8   1.5182651566790821        100000.00000000000        3.5399556643514793E-004   1.7194645175764622               10           1
 injection           1           8           8   1.1200442667970498        100000.00000000000        3.5399556643514793E-004   1.7461009936887584               10           1
 injection           0           8           8  0.72182337691501763        100000.00000000000        3.5399556643514793E-004   1.7626499979885608               10           1
 injection           1           8           8   1.3236024870329854        100000.00000000000        3.5399556643514793E-004   1.7627906161701850               10           1
 injection           0           8           8  0.92538159715095325        100000.00000000000        3.5399556643514793E-004   1.7464796421437487               10           1
 injection           1           8           8   1.5271607072689211        100000.00000000000        3.5399556643514793E-004   1.7199516923349649               10           1
 injection           1           8           8   1.1289398173868888        100000.00000000000        3.5399556643514793E-004   1.6933320496505242               10           1
 injection           0           8           8  0.73071892750485656        100000.00000000000        3.5399556643514793E-004   1.6767811616052026               10           1
 injection           1           8           8   1.3324980376228244        100000.00000000000        3.5399556643514793E-004   1.6766225708883018               10           1
 injection           0           8           8  0.93427714774079218        100000.00000000000        3.5399556643514793E-004   1.6929244803707117               10           1
 injection           1           8           8   1.5360562578587600        100000.00000000000        3.5399556643514793E-004   1.7194650635894613               10           1
 injection           1           8           8   1.1378353679767277        100000.00000000000        3.5399556643514793E-004   1.7461018667883548               10           1
 injection           0           8           8  0.73961447809469549        100000.00000000000        3.5399556643514793E-004   1.7626509557252017               10           1
 injection           1           8           8   1.3413935882126633        100000.00000000000        3.5399556643514793E-004   1.7627913997426317               10           1
 injection           0           8           8  0.94317269833063111        100000.00000000000        3.5399556643514793E-004   1.7464800780669334               10           1
 injection           1           8           8   1.5449518084485989        100000.00000000000        3.5399556643514793E-004   1.7199517401218050               10           1
 injection           1           8           8   1.1467309185665666        100000.00000000000        3.5399556643514793E-004   1.6933317992604404               10           1
 injection           0           8           8  0.74851002868453442        100000.00000000000        3.5399556643514793E-004   1.6767807956564087               10           1
 injection           1           8           8   1.3502891388025022        100000.00000000000        3.5399556643514793E-004   1.6766222999013853               10           1
 injection           0           8           8  0.95206824892047004        100000.00000000000        3.5399556643514793E-004   1.6929244659519644               10           1
 injection           1           8           8   1.5538473590384378        100000.00000000000        3.5399556643514793E-004   1.7194653561414841               10           1
 injection           1           8           8   1.1556264691564055        100000.00000000000        3.5399556643514793E-004   1.7461023879317801               10           1
 injection           0           8           8  0.75740557927437335        100000.00000000000        3.5399556643514793E-004   1.7626515405187562               10           1
 injection           1           8           8   1.3591846893923412        100000.00000000000        3.5399556643514793E-004   1.7627918764010018               10           1
 injection           0           8           8  0.96096379951030897        100000.00000000000        3.5399556643514793E-004   1.7464803367792010               10           1
 injection           1           8           8   1.5627429096282768        100000.00000000000        3.5399556643514793E-004   1.7199517609699888               10           1
 injection           1           8           8   1.1645220197462445        100000.00000000000        3.5399556643514793E-004   1.6933316443632334               10           1
 injection           0           8           8  0.76630112986421228        100000.00000000000        3.5399556643514793E-004   1.6767805802961198               10           1
 injection           1           8           8   1.3680802399821801        100000.00000000000        3.5399556643514793E-004   1.6766221513886488               10           1
 injection           0           8           8  0.96985935010014790        100000.00000000000        3.5399556643514793E-004   1.6929244797665541               10           1
 injection           1           8           8   1.5716384602181157        100000.00000000000        3.5399556643514793E-004   1.7194655626438413               10           1
 injection           1           8           8   1.1734175703360834        100000.00000000000        3.5399556643514793E-004   1.7461027431922558               10           1
 injection           0           8           8  0.77519668045405121        100000.00000000000        3.5399556643514793E-004   1.7626519477870264               10           1
 injection           1           8           8   1.3769757905720190        100000.00000000000        3.5399556643514793E-004   1.7627922278433426               10           1
 injection           0           8           8  0.97875490068998683        100000.00000000000        3.5399556643514793E-004   1.7464805527460034               10           1
 injection           1           8           8   1.5805340108079546        100000.00000000000        3.5399556643514793E-004   1.7199518121142008               10           1
 injection           1           8           8   1.1823131209259223        100000.00000000000        3.5399556643514793E-004   1.6933315576323100               10           1
 injection           0           8           8  0.78409223104389014        100000.00000000000        3.5399556643514793E-004   1.6767804324808455               10           1
 injection           1           8           8   1.3858713411618580        100000.00000000000        3.5399556643514793E-004   1.6766220492008106               10           1
 injection           0           8           8  0.98765045127982576        100000.00000000000        3.5399556643514793E-004   1.6929245266480304               10           1
 injection           1           8           8   1.5894295613977936        100000.00000000000        3.5399556643514793E-004   1.7194658190653744               10           1
 injection           1           8           8   1.1912086715157613        100000.00000000000        3.5399556643514793E-004   1.7461031958096893               10           1
 injection           0           8           8  0.79298778163372907        100000.00000000000        3.5399556643514793E-004   1.7626525067218834               10           1
 injection           1           8           8   1.3947668917516969        100000.00000000000        3.5399556643514793E-004   1.7627927587375820               10           1
 injection           0           8           8  0.99654600186966469        100000.00000000000        3.5399556643514793E-004   1.7464809279645093               10           1
 injection           1           8           8   1.5983251119876325        100000.00000000000        3.5399556643514793E-004   1.7199519583879723               10           1
 injection           1           8           8   1.2001042221056002        100000.00000000000        3.5399556643514793E-004   1.6933314879448254               10           1
 injection           0           8           8  0.80188333222356800        100000.00000000000        3.5399556643514793E-004   1.6767802556374682               10           1
 injection           1           8           8   1.4036624423415358        100000.00000000000        3.5399556643514793E-004   1.6766219479480371               10           1
 injection           1           8           8   1.0054415524595037        100000.00000000000        3.5399556643514793E-004   1.6929246996306317               10           1
 injection           0           8           8  0.60722066257747154        100000.00000000000        3.5399556643514793E-004   1.7194663979275162               10           1
 injection           1           8           8   1.2089997726954393        100000.00000000000        3.5399556643514793E-004   1.7461041720306296               10           1
 injection           0           8           8  0.81077888281340715        100000.00000000000        3.5399556643514793E-004   1.7626537147399035               10           1
 injection           1           8           8   1.4125579929313750        100000.00000000000        3.5399556643514793E-004   1.7627939351189295               10           1
 injection           1           8           8   1.0143371030493427        100000.00000000000        3.5399556643514793E-004   1.7464818157483408               10           1
 injection           0           8           8  0.61611621316731047        100000.00000000000        3.5399556643514793E-004   1.7199524067580763               10           1
 injection           1           8           8   1.2178953232852783        100000.00000000000        3.5399556643514793E-004   1.6933315188319786               10           1
 injection           0           8           8  0.81967443340324608        100000.00000000000        3.5399556643514793E-004   1.6767800830120108               10           1
 injection           1           8           8   1.4214535435212139        100000.00000000000        3.5399556643514793E-004   1.6766219312674986               10           1
 injection           1           8           8   1.0232326536391816        100000.00000000000        3.5399556643514793E-004   1.6929252212891832               10           1
 injection           0           8           8  0.62501176375714940        100000.00000000000        3.5399556643514793E-004   1.7194676893618870               10           1
 injection           1           8           8   1.2267908738751172        100000.00000000000        3.5399556643514793E-004   1.7461061668452740               10           1
 injection           0           8           8  0.82856998399308501        100000.00000000000        3.5399556643514793E-004   1.7626560349686891               10           1
 injection           1           8           8   1.4303490941110528        100000.00000000000        3.5399556643514793E-004   1.7627960530134750               10           1
 injection           1           8           8   1.0321282042290205        100000.00000000000        3.5399556643514793E-004   1.7464833082914890               10           1
 injection           0           8           8  0.63390731434698833        100000.00000000000        3.5399556643514793E-004   1.7199531580727367               10           1
 injection           1           8           8   1.2356864244649561        100000.00000000000        3.5399556643514793E-004   1.6933317627218949               10           1
 injection           0           8           8  0.83746553458292394        100000.00000000000        3.5399556643514793E-004   1.6767802436013319               10           1
 injection           1           8           8   1.4392446447008918        100000.00000000000        3.5399556643514793E-004   1.6766223105470761               10           1
 injection           1           8           8   1.0410237548188594        100000.00000000000        3.5399556643514793E-004   1.6929257150220569               10           1
 injection           0           8           8  0.64280286493682726        100000.00000000000        3.5399556643514793E-004   1.7194677796608053               10           1
 injection           1           8           8   1.2445819750547951        100000.00000000000        3.5399556643514793E-004   1.7461052955571212               10           1
 injection           0           8           8  0.84636108517276287        100000.00000000000        3.5399556643514793E-004   1.7626541235181512               10           1
 injection           1           8           8   1.4481401952907307        100000.00000000000        3.5399556643514793E-004   1.7627937130517792               10           1
 injection           1           8           8   1.0499193054086984        100000.00000000000        3.5399556643514793E-004   1.7464815159704488               10           1
 injection           0           8           8  0.65169841552666619        100000.00000000000        3.5399556643514793E-004   1.7199526406138699               10           1
 injection           1           8           8   1.2534775256446340        100000.00000000000        3.5399556643514793E-004   1.6933325406034774               10           1
 injection           0           8           8  0.85525663576260180        100000.00000000000        3.5399556643514793E-004   1.6767816017074757               10           1
 injection           1           8           8   1.4570357458805696        100000.00000000000        3.5399556643514793E-004   1.6766232041396716               10           1
 injection           1           8           8   1.0588148559985373        100000.00000000000        3.5399556643514793E-004   1.6929253763995866               10           1
 injection           0           8           8  0.66059396611650512        100000.00000000000        3.5399556643514793E-004   1.7194661511795266               10           1
